0,1
1,1
2,0
3,0
4,0
5,1
6,1
7,1
8,0
9,0
10,0
11,0
12,1
13,1
14,1
15,0
16,1
17,0
18,1
19,1
20,1
21,1
22,1
23,0
24,1
25,0
26,0
27,1
28,0
29,1
30,1
31,0
32,1
33,0
34,1
35,1
36,0
37,1
38,1
39,1
40,1
41,1
42,1
43,1
44,0
45,1
46,1
47,0
48,1
49,1
50,0
51,0
52,0
53,1
54,1
55,0
56,0
57,0
58,1
59,1
60,0
61,1
62,0
63,1
64,1
65,1
66,0
67,1
68,0
69,1
70,1
71,1
72,0
73,1
74,1
75,1
76,1
77,1
78,0
79,1
80,1
81,0
82,0
83,0
84,1
85,1
86,1
87,1
88,0
89,1
90,1
91,0
92,0
93,1
94,1
95,1
96,1
97,0
98,0
99,0
100,1
101,1
102,0
103,0
104,0
105,0
106,1
107,0
108,0
109,1
110,1
111,1
112,1
113,1
114,0
115,1
116,0
117,0
118,0
119,0
120,1
121,1
122,1
123,1
124,0
125,0
126,0
127,0
128,0
129,0
130,0
131,0
132,0
133,1
134,1
135,1
136,0
137,0
138,1
139,0
140,0
141,0
142,0
143,1
144,1
145,1
146,1
147,1
148,0
149,0
150,0
151,1
152,0
153,0
154,1
155,0
156,0
157,1
158,0
159,1
160,1
161,1
162,0
163,0
164,1
165,0
166,1
167,0
168,1
169,1
170,1
171,1
172,0
173,1
174,1
175,0
176,1
177,1
178,1
179,1
180,1
181,0
182,0
183,1
184,1
185,1
186,0
187,1
188,1
189,1
190,1
191,1
192,0
193,0
194,1
195,1
196,0
197,1
198,1
199,1
200,0
201,0
202,0
203,1
204,1
205,1
206,1
207,1
208,1
209,1
210,0
211,1
212,0
213,0
214,0
215,1
216,1
217,0
218,1
219,0
220,0
221,0
222,0
223,0
224,1
225,1
226,0
227,1
228,0
229,0
230,1
231,1
232,0
233,1
234,0
235,0
236,0
237,0
238,1
239,1
240,0
241,0
242,1
243,1
244,0
245,0
246,0
247,1
248,1
249,1
250,0
251,0
252,0
253,0
254,0
255,1
256,1
257,0
258,0
259,0
260,0
261,1
262,0
263,0
264,1
265,0
266,1
267,1
268,1
269,0
270,1
271,1
272,1
273,1
274,1
275,1
276,1
277,1
278,0
279,0
280,1
281,1
282,1
283,1
284,1
285,1
286,1
287,1
288,1
289,0
290,1
291,1
292,1
293,1
294,1
295,1
296,1
297,1
298,1
299,1
300,1
301,1
302,1
303,1
304,1
305,1
306,1
307,1
308,1
309,0
310,0
311,1
312,0
313,1
314,0
315,1
316,1
317,1
318,1
319,0
320,1
321,1
322,0
323,1
324,1
325,1
326,1
327,1
328,1
329,0
330,1
331,0
332,0
333,0
334,1
335,1
336,1
337,1
338,1
339,1
340,1
341,1
342,1
343,1
344,1
345,0
346,1
347,0
348,0
349,0
350,1
351,1
352,1
353,1
354,1
355,0
356,1
357,1
358,1
359,0
360,0
361,0
362,1
363,1
364,1
365,1
366,1
367,1
368,1
369,1
370,0
371,1
372,1
373,1
374,1
375,1
376,0
377,0
378,0
379,1
380,1
381,1
382,1
383,1
384,1
385,0
386,1
387,0
388,1
389,0
390,0
391,1
392,0
393,1
394,1
395,0
396,1
397,1
398,1
399,1
400,0
401,1
402,1
403,1
404,1
405,1
406,1
407,1
408,0
409,0
410,0
411,0
412,0
413,1
414,0
415,0
416,0
417,0
418,0
419,1
420,1
421,0
422,1
423,1
424,1
425,0
426,1
427,1
428,0
429,0
430,0
431,1
432,1
433,1
434,0
435,0
436,1
437,1
438,1
439,1
440,1
441,0
442,0
443,1
444,1
445,1
446,1
447,0
448,1
449,1
450,1
451,1
452,1
453,0
454,0
455,1
456,0
457,0
458,1
459,1
460,1
461,1
462,1
463,1
464,0
465,0
466,1
467,0
468,1
469,1
470,1
471,1
472,1
473,1
474,1
475,0
476,1
477,1
478,1
479,1
480,1
481,1
482,1
483,1
484,1
485,1
486,1
487,1
488,1
489,1
490,1
491,1
492,1
493,1
494,0
495,0
496,0
497,0
498,1
499,1
500,1
501,1
502,0
503,1
504,0
505,0
506,0
507,1
508,0
509,1
510,1
511,0
512,1
513,0
514,1
515,1
516,1
517,1
518,1
519,1
520,1
521,1
522,0
523,1
524,1
525,1
526,0
527,0
528,1
529,1
530,1
531,1
532,1
533,0
534,0
535,0
536,1
537,1
538,1
539,0
540,0
541,1
542,0
543,1
544,1
545,1
546,0
547,1
548,1
549,1
550,1
551,1
552,1
553,0
554,1
555,0
556,1
557,1
558,1
559,1
560,1
561,0
562,0
563,1
564,0
565,0
566,1
567,1
568,1
569,1
570,1
571,1
572,1
573,0
574,0
575,0
576,1
577,0
578,0
579,0
580,1
581,1
582,0
583,1
584,1
585,1
586,1
587,0
588,1
589,1
590,1
591,0
592,0
593,1
594,0
595,1
596,1
597,1
598,0
599,1
600,1
601,1
602,1
603,0
604,0
605,1
606,1
607,1
608,1
609,1
610,1
611,0
612,1
613,1
614,1
615,0
616,0
617,0
618,1
619,0
620,1
621,0
622,0
623,1
624,0
625,0
626,0
627,1
628,1
629,1
630,1
631,1
632,1
633,1
634,0
635,0
636,1
637,0
638,1
639,0
640,0
641,0
642,1
643,1
644,0
645,1
646,1
647,1
648,1
649,0
650,0
651,1
652,1
653,1
654,1
655,0
656,1
657,1
658,0
659,0
660,1
661,1
662,1
663,0
664,1
665,0
666,1
667,0
668,0
669,0
670,0
671,0
672,0
673,0
674,0
675,0
676,0
677,1
678,1
679,1
680,0
681,1
682,1
683,1
684,1
685,1
686,0
687,0
688,0
689,0
690,0
691,0
692,1
693,1
694,1
695,1
696,0
697,0
698,1
699,0
700,1
701,0
702,1
703,1
704,0
705,0
706,1
707,1
708,1
709,0
710,1
711,1
712,0
713,0
714,1
715,0
716,1
717,1
718,1
719,0
720,1
721,1
722,0
723,1
724,1
725,1
726,1
727,0
728,1
729,0
730,0
731,0
732,0
733,1
734,0
735,0
736,1
737,1
738,0
739,0
740,0
741,1
742,1
743,0
744,1
745,0
746,1
747,1
748,1
749,0
750,0
751,1
752,0
753,0
754,1
755,1
756,0
757,0
758,0
759,1
760,1
761,1
762,1
763,0
764,0
765,0
766,1
767,0
768,1
769,0
770,1
771,1
772,0
773,1
774,1
775,0
776,1
777,0
778,0
779,1
780,0
781,0
782,1
783,1
784,1
785,1
786,1
787,1
788,0
789,0
790,1
791,1
792,1
793,0
794,0
795,1
796,1
797,1
798,1
799,1
800,1
801,1
802,0
803,1
804,1
805,1
806,0
807,0
808,1
809,0
810,1
811,1
812,0
813,1
814,0
815,0
816,0
817,0
818,1
819,1
820,0
821,1
822,0
823,0
824,0
825,0
826,1
827,1
828,0
829,1
830,1
831,0
832,1
833,1
834,1
835,0
836,0
837,1
838,1
839,1
840,1
841,0
842,0
843,0
844,0
845,1
846,0
847,1
848,1
849,1
850,0
851,1
852,1
853,1
854,1
855,1
856,1
857,0
858,0
859,1
860,1
861,0
862,0
863,1
864,0
865,1
866,1
867,0
868,0
869,0
870,0
871,1
872,1
873,1
874,0
875,0
876,0
877,1
878,1
879,0
880,0
881,0
882,1
883,1
884,1
885,1
886,0
887,1
888,1
889,1
890,0
891,1
892,0
893,1
894,1
895,1
896,1
897,0
898,0
899,1
900,0
901,1
902,1
903,1
904,0
905,0
906,0
907,0
908,0
909,1
910,1
911,1
912,1
913,0
914,0
915,0
916,1
917,1
918,1
919,0
920,0
921,1
922,1
923,1
924,0
925,0
926,1
927,1
928,1
929,0
930,1
931,1
932,1
933,1
934,0
935,0
936,1
937,0
938,0
939,0
940,1
941,0
942,1
943,1
944,0
945,0
946,0
947,0
948,0
949,0
950,1
951,0
952,1
953,0
954,1
955,1
956,0
957,0
958,1
959,1
960,1
961,1
962,1
963,0
964,0
965,1
966,0
967,1
968,1
969,1
970,0
971,1
972,0
973,0
974,0
975,0
976,1
977,0
978,0
979,0
980,0
981,1
982,1
983,0
984,1
985,1
986,0
987,0
988,1
989,0
990,1
991,1
992,1
993,1
994,1
995,1
996,1
997,1
998,1
999,1
1000,1
1001,0
1002,1
1003,1
1004,0
1005,0
1006,0
1007,1
1008,1
1009,0
1010,1
1011,1
1012,1
1013,1
1014,1
1015,1
1016,1
1017,0
1018,0
1019,0
1020,1
1021,1
1022,1
1023,0
1024,1
1025,1
1026,0
1027,0
1028,0
1029,0
1030,1
1031,1
1032,0
1033,0
1034,0
1035,0
1036,0
1037,0
1038,0
1039,0
1040,0
1041,0
1042,0
1043,0
1044,1
1045,1
1046,1
1047,0
1048,1
1049,1
1050,1
1051,0
1052,1
1053,0
1054,1
1055,1
1056,1
1057,1
1058,0
1059,1
1060,1
1061,0
1062,0
1063,1
1064,0
1065,1
1066,1
1067,0
1068,0
1069,0
1070,1
1071,0
1072,1
1073,1
1074,1
1075,1
1076,1
1077,1
1078,1
1079,1
1080,1
1081,0
1082,1
1083,1
1084,1
1085,0
1086,0
1087,1
1088,0
1089,0
1090,1
1091,1
1092,0
1093,0
1094,1
1095,1
1096,1
1097,1
1098,1
1099,1
1100,0
1101,1
1102,0
1103,1
1104,0
1105,1
1106,1
1107,1
1108,0
1109,1
1110,1
1111,0
1112,0
1113,1
1114,0
1115,0
1116,0
1117,1
1118,1
1119,0
1120,0
1121,1
1122,1
1123,0
1124,0
1125,1
1126,0
1127,1
1128,1
1129,0
1130,1
1131,1
1132,0
1133,0
1134,0
1135,0
1136,0
1137,1
1138,0
1139,1
1140,1
1141,1
1142,1
1143,1
1144,0
1145,0
1146,0
1147,0
1148,0
1149,1
1150,0
1151,0
1152,0
1153,1
1154,1
1155,1
1156,1
1157,1
1158,1
1159,1
1160,1
1161,1
1162,1
1163,1
1164,1
1165,1
1166,1
1167,1
1168,1
1169,1
1170,1
1171,0
1172,0
1173,0
1174,1
1175,1
1176,1
1177,1
1178,0
1179,0
1180,1
1181,0
1182,1
1183,0
1184,1
1185,1
1186,1
1187,0
1188,0
1189,1
1190,1
1191,0
1192,0
1193,0
1194,0
1195,1
1196,1
1197,1
1198,1
1199,1
1200,1
1201,0
1202,0
1203,1
1204,1
1205,1
1206,1
1207,1
1208,1
1209,1
1210,1
1211,0
1212,1
1213,1
1214,1
1215,1
1216,0
1217,1
1218,1
1219,1
1220,1
1221,0
1222,1
1223,1
1224,1
1225,0
1226,0
1227,1
1228,0
1229,1
1230,0
1231,1
1232,0
1233,1
1234,1
1235,1
1236,1
1237,0
1238,1
1239,1
1240,1
1241,1
1242,0
1243,0
1244,0
1245,0
1246,0
1247,0
1248,0
1249,0
1250,0
1251,1
1252,1
1253,0
1254,1
1255,1
1256,1
1257,1
1258,0
1259,1
1260,0
1261,1
1262,0
1263,0
1264,0
1265,1
1266,1
1267,1
1268,1
1269,1
1270,0
1271,1
1272,1
1273,1
1274,1
1275,1
1276,1
1277,1
1278,1
1279,0
1280,1
1281,0
1282,1
1283,0
1284,0
1285,0
1286,1
1287,1
1288,1
1289,1
1290,0
1291,1
1292,1
1293,0
1294,0
1295,1
1296,0
1297,1
1298,0
1299,0
1300,1
1301,1
1302,1
1303,0
1304,0
1305,1
1306,1
1307,0
1308,0
1309,1
1310,0
1311,1
1312,1
1313,0
1314,0
1315,0
1316,0
1317,1
1318,0
1319,0
1320,0
1321,0
1322,0
1323,0
1324,0
1325,0
1326,0
1327,1
1328,1
1329,1
1330,0
1331,0
1332,1
1333,1
1334,1
1335,1
1336,1
1337,1
1338,1
1339,0
1340,1
1341,1
1342,1
1343,1
1344,1
1345,0
1346,1
1347,1
1348,0
1349,0
1350,0
1351,0
1352,0
1353,0
1354,1
1355,1
1356,1
1357,1
1358,1
1359,1
1360,1
1361,0
1362,0
1363,1
1364,1
1365,0
1366,0
1367,1
1368,1
1369,0
1370,0
1371,1
1372,0
1373,1
1374,0
1375,0
1376,1
1377,1
1378,1
1379,1
1380,1
1381,1
1382,1
1383,1
1384,0
1385,0
1386,1
1387,0
1388,0
1389,1
1390,1
1391,1
1392,1
1393,1
1394,1
1395,1
1396,0
1397,0
1398,0
1399,0
1400,0
1401,0
1402,1
1403,0
1404,0
1405,1
1406,1
1407,0
1408,1
1409,1
1410,1
1411,1
1412,0
1413,1
1414,1
1415,1
1416,1
1417,1
1418,1
1419,1
1420,1
1421,1
1422,1
1423,1
1424,0
1425,0
1426,0
1427,0
1428,0
1429,1
1430,0
1431,1
1432,0
1433,0
1434,0
1435,1
1436,1
1437,0
1438,0
1439,0
1440,1
1441,1
1442,0
1443,0
1444,0
1445,0
1446,0
1447,0
1448,0
1449,0
1450,0
1451,0
1452,1
1453,0
1454,0
1455,1
1456,1
1457,0
1458,1
1459,1
1460,0
1461,0
1462,1
1463,1
1464,0
1465,0
1466,1
1467,1
1468,0
1469,1
1470,1
1471,1
1472,1
1473,1
1474,1
1475,0
1476,0
1477,0
1478,0
1479,0
1480,1
1481,1
1482,1
1483,0
1484,0
1485,1
1486,0
1487,0
1488,0
1489,1
1490,0
1491,0
1492,0
1493,1
1494,0
1495,0
1496,1
1497,1
1498,1
1499,1
1500,0
1501,0
1502,0
1503,0
1504,0
1505,0
1506,0
1507,1
1508,1
1509,1
1510,1
1511,0
1512,0
1513,1
1514,1
1515,1
1516,1
1517,1
1518,1
1519,0
1520,1
1521,1
1522,0
1523,0
1524,1
1525,1
1526,1
1527,1
1528,1
1529,1
1530,1
1531,1
1532,0
1533,0
1534,1
1535,1
1536,1
1537,0
1538,1
1539,0
1540,0
1541,0
1542,1
1543,1
1544,1
1545,0
1546,0
1547,1
1548,0
1549,0
1550,1
1551,1
1552,1
1553,1
1554,0
1555,1
1556,1
1557,1
1558,1
1559,0
1560,1
1561,1
1562,1
1563,0
1564,1
1565,1
1566,0
1567,0
1568,0
1569,1
1570,1
1571,0
1572,1
1573,1
1574,1
1575,1
1576,1
1577,1
1578,1
1579,1
1580,0
1581,1
1582,1
1583,1
1584,0
1585,1
1586,1
1587,1
1588,1
1589,0
1590,1
1591,1
1592,1
1593,1
1594,0
1595,0
1596,1
1597,1
1598,1
1599,0
1600,0
1601,1
1602,0
1603,1
1604,1
1605,1
1606,1
1607,1
1608,0
1609,1
1610,1
1611,1
1612,1
1613,1
1614,1
1615,0
1616,1
1617,1
1618,1
1619,0
1620,0
1621,0
1622,1
1623,1
1624,1
1625,1
1626,0
1627,0
1628,0
1629,0
1630,0
1631,1
1632,0
1633,0
1634,1
1635,1
1636,1
1637,1
1638,0
1639,1
1640,0
1641,1
1642,1
1643,0
1644,0
1645,1
1646,0
1647,1
1648,1
1649,1
1650,0
1651,1
1652,1
1653,1
1654,0
1655,1
1656,1
1657,0
1658,0
1659,0
1660,0
1661,0
1662,1
1663,0
1664,0
1665,0
1666,0
1667,0
1668,0
1669,0
1670,0
1671,1
1672,1
1673,1
1674,1
1675,1
1676,1
1677,1
1678,0
1679,0
1680,1
1681,0
1682,0
1683,0
1684,1
1685,1
1686,0
1687,0
1688,0
1689,1
1690,1
1691,1
1692,1
1693,1
1694,0
1695,0
1696,1
1697,0
1698,1
1699,1
1700,0
1701,0
1702,1
1703,0
1704,0
1705,1
1706,0
1707,1
1708,1
1709,0
1710,0
1711,0
1712,0
1713,0
1714,0
1715,1
1716,0
1717,0
1718,1
1719,1
1720,0
1721,1
1722,1
1723,1
1724,1
1725,1
1726,1
1727,1
1728,1
1729,0
1730,1
1731,1
1732,1
1733,1
1734,1
1735,1
1736,0
1737,0
1738,0
1739,0
1740,1
1741,1
1742,0
1743,0
1744,0
1745,1
1746,0
1747,0
1748,1
1749,1
1750,1
1751,0
1752,1
1753,1
1754,0
1755,1
1756,1
1757,1
1758,1
1759,0
1760,0
1761,1
1762,1
1763,0
1764,0
1765,1
1766,1
1767,0
1768,0
1769,1
1770,0
1771,0
1772,1
1773,0
1774,1
1775,0
1776,0
1777,0
1778,0
1779,0
1780,0
1781,1
1782,1
1783,1
1784,0
1785,0
1786,0
1787,0
1788,0
1789,0
1790,0
1791,0
1792,0
1793,0
1794,1
1795,0
1796,0
1797,1
1798,1
1799,1
1800,1
1801,0
1802,0
1803,0
1804,0
1805,1
1806,0
1807,0
1808,0
1809,1
1810,1
1811,0
1812,1
1813,0
1814,1
1815,1
1816,1
1817,1
1818,1
1819,1
1820,0
1821,1
1822,0
1823,1
1824,1
1825,0
1826,0
1827,1
1828,1
1829,0
1830,1
1831,1
1832,0
1833,0
1834,0
1835,0
1836,0
1837,0
1838,1
1839,1
1840,0
1841,1
1842,1
1843,1
1844,1
1845,1
1846,0
1847,0
1848,0
1849,1
1850,1
1851,1
1852,1
1853,1
1854,0
1855,1
1856,0
1857,1
1858,0
1859,1
1860,0
1861,0
1862,0
1863,1
1864,1
1865,1
1866,1
1867,0
1868,1
1869,1
1870,1
1871,0
1872,0
1873,0
1874,1
1875,1
1876,0
1877,0
1878,0
1879,0
1880,0
1881,0
1882,0
1883,0
1884,1
1885,1
1886,0
1887,0
1888,1
1889,0
1890,0
1891,0
1892,1
1893,1
1894,1
1895,0
1896,0
1897,1
1898,0
1899,0
1900,0
1901,1
1902,1
1903,1
1904,0
1905,0
1906,1
1907,1
1908,0
1909,0
1910,1
1911,0
1912,0
1913,0
1914,0
1915,0
1916,0
1917,0
1918,0
1919,0
1920,1
1921,0
1922,0
1923,0
1924,1
1925,1
1926,1
1927,1
1928,1
1929,1
1930,1
1931,0
1932,1
1933,0
1934,1
1935,1
1936,0
1937,1
1938,0
1939,0
1940,1
1941,0
1942,0
1943,1
1944,1
1945,1
1946,1
1947,1
1948,1
1949,0
1950,0
1951,1
1952,0
1953,0
1954,0
1955,0
1956,1
1957,1
1958,0
1959,0
1960,1
1961,0
1962,1
1963,0
1964,1
1965,1
1966,1
1967,0
1968,1
1969,1
1970,1
1971,0
1972,0
1973,1
1974,1
1975,0
1976,0
1977,0
1978,0
1979,0
1980,1
1981,1
1982,1
1983,1
1984,1
1985,1
1986,0
1987,0
1988,0
1989,1
1990,0
1991,0
1992,1
1993,1
1994,1
1995,1
1996,1
1997,0
1998,0
1999,1
2000,0
2001,0
2002,0
2003,0
2004,0
2005,1
2006,1
2007,1
2008,1
2009,1
2010,0
2011,0
2012,0
2013,1
2014,1
2015,1
2016,0
2017,1
2018,1
2019,0
2020,0
2021,1
2022,1
2023,1
2024,0
2025,1
2026,0
2027,1
2028,1
2029,1
2030,1
2031,1
2032,1
2033,1
2034,0
2035,0
2036,1
2037,1
2038,1
2039,1
2040,0
2041,1
2042,1
2043,1
2044,1
2045,1
2046,1
2047,1
2048,0
2049,0
2050,1
2051,1
2052,0
2053,0
2054,0
2055,1
2056,1
2057,1
2058,1
2059,1
2060,0
2061,0
2062,1
2063,1
2064,1
2065,1
2066,1
2067,1
2068,1
2069,1
2070,0
2071,1
2072,1
2073,1
2074,0
2075,0
2076,1
2077,1
2078,1
2079,1
2080,0
2081,0
2082,0
2083,0
2084,1
2085,0
2086,0
2087,0
2088,0
2089,0
2090,1
2091,0
2092,1
2093,1
2094,1
2095,0
2096,1
2097,0
2098,1
2099,0
2100,1
2101,0
2102,0
2103,1
2104,0
2105,0
2106,0
2107,0
2108,0
2109,0
2110,0
2111,0
2112,1
2113,0
2114,0
2115,0
2116,0
2117,1
2118,0
2119,1
2120,1
2121,0
2122,0
2123,1
2124,0
2125,0
2126,0
2127,0
2128,0
2129,0
2130,0
2131,1
2132,0
2133,0
2134,0
2135,1
2136,0
2137,1
2138,1
2139,1
2140,0
2141,0
2142,0
2143,1
2144,0
2145,1
2146,1
2147,0
2148,0
2149,0
2150,0
2151,1
2152,1
2153,1
2154,0
2155,1
2156,1
2157,1
2158,1
2159,0
2160,1
2161,1
2162,0
2163,1
2164,1
2165,0
2166,0
2167,1
2168,1
2169,1
2170,1
2171,1
2172,0
2173,0
2174,0
2175,0
2176,0
2177,1
2178,1
2179,0
2180,1
2181,0
2182,0
2183,1
2184,0
2185,0
2186,0
2187,1
2188,0
2189,1
2190,1
2191,1
2192,1
2193,1
2194,1
2195,0
2196,1
2197,0
2198,1
2199,1
2200,1
2201,0
2202,0
2203,0
2204,1
2205,0
2206,1
2207,1
2208,0
2209,0
2210,0
2211,1
2212,1
2213,1
2214,1
2215,1
2216,1
2217,1
2218,1
2219,0
2220,1
2221,1
2222,1
2223,1
2224,1
2225,0
2226,0
2227,0
2228,1
2229,0
2230,0
2231,1
2232,1
2233,1
2234,1
2235,1
2236,0
2237,0
2238,1
2239,0
2240,1
2241,1
2242,0
2243,0
2244,0
2245,1
2246,1
2247,0
2248,0
2249,0
2250,0
2251,0
2252,0
2253,0
2254,1
2255,1
2256,0
2257,0
2258,1
2259,1
2260,1
2261,1
2262,1
2263,1
2264,0
2265,1
2266,1
2267,1
2268,0
2269,0
2270,0
2271,0
2272,1
2273,1
2274,1
2275,1
2276,1
2277,1
2278,1
2279,1
2280,1
2281,0
2282,1
2283,0
2284,0
2285,0
2286,1
2287,1
2288,0
2289,0
2290,0
2291,0
2292,1
2293,1
2294,0
2295,0
2296,1
2297,1
2298,0
2299,1
2300,0
2301,0
2302,0
2303,0
2304,1
2305,1
2306,1
2307,1
2308,1
2309,0
2310,0
2311,0
2312,0
2313,0
2314,0
2315,0
2316,0
2317,1
2318,1
2319,0
2320,0
2321,0
2322,1
2323,0
2324,0
2325,1
2326,1
2327,1
2328,1
2329,0
2330,1
2331,1
2332,1
2333,1
2334,0
2335,1
2336,1
2337,0
2338,0
2339,0
2340,0
2341,1
2342,1
2343,0
2344,0
2345,1
2346,1
2347,1
2348,0
2349,1
2350,0
2351,0
2352,1
2353,1
2354,1
2355,0
2356,0
2357,0
2358,0
2359,0
2360,1
2361,1
2362,1
2363,1
2364,0
2365,0
2366,0
2367,0
2368,0
2369,0
2370,0
2371,1
2372,0
2373,0
2374,0
2375,0
2376,0
2377,0
2378,0
2379,1
2380,0
2381,0
2382,1
2383,1
2384,1
2385,0
2386,1
2387,0
2388,0
2389,1
2390,1
2391,0
2392,0
2393,1
2394,0
2395,0
2396,1
2397,0
2398,0
2399,1
2400,1
2401,1
2402,0
2403,1
2404,1
2405,0
2406,1
2407,0
2408,0
2409,0
2410,0
2411,0
2412,0
2413,0
2414,0
2415,0
2416,1
2417,1
2418,1
2419,0
2420,1
2421,0
2422,1
2423,1
2424,0
2425,1
2426,0
2427,0
2428,0
2429,0
2430,0
2431,0
2432,0
2433,0
2434,1
2435,0
2436,0
2437,1
2438,1
2439,1
2440,0
2441,0
2442,1
2443,0
2444,0
2445,0
2446,0
2447,0
2448,1
2449,0
2450,1
2451,1
2452,0
2453,0
2454,1
2455,0
2456,0
2457,0
2458,0
2459,0
2460,0
2461,0
2462,1
2463,0
2464,0
2465,0
2466,1
2467,1
2468,0
2469,0
2470,0
2471,1
2472,1
2473,1
2474,1
2475,1
2476,0
2477,1
2478,1
2479,1
2480,1
2481,1
2482,1
2483,0
2484,1
2485,1
2486,0
2487,1
2488,1
2489,1
2490,0
2491,1
2492,0
2493,0
2494,1
2495,1
2496,0
2497,1
2498,1
2499,1
2500,0
2501,0
2502,0
2503,0
2504,1
2505,1
2506,1
2507,1
2508,0
2509,0
2510,0
2511,0
2512,1
2513,1
2514,1
2515,1
2516,1
2517,1
2518,0
2519,1
2520,1
2521,0
2522,1
2523,1
2524,1
2525,0
2526,1
2527,1
2528,1
2529,0
2530,0
2531,1
2532,0
2533,1
2534,0
2535,0
2536,1
2537,1
2538,0
2539,0
2540,0
2541,0
2542,1
2543,1
2544,1
2545,1
2546,1
2547,1
2548,1
2549,1
2550,0
2551,1
2552,1
2553,0
2554,1
2555,1
2556,1
2557,1
2558,0
2559,0
2560,1
2561,1
2562,0
2563,1
2564,0
2565,0
2566,1
2567,1
2568,1
2569,0
2570,1
2571,1
2572,1
2573,1
2574,0
2575,0
2576,1
2577,1
2578,1
2579,0
2580,0
2581,1
2582,1
2583,0
2584,0
2585,1
2586,1
2587,1
2588,1
2589,1
2590,0
2591,0
2592,1
2593,1
2594,0
2595,0
2596,1
2597,1
2598,1
2599,0
2600,0
2601,1
2602,0
2603,1
2604,1
2605,1
2606,1
2607,1
2608,0
2609,0
2610,0
2611,0
2612,1
2613,0
2614,1
2615,0
2616,0
2617,0
2618,1
2619,1
2620,1
2621,0
2622,0
2623,1
2624,1
2625,0
2626,1
2627,1
2628,1
2629,0
2630,0
2631,1
2632,1
2633,1
2634,0
2635,0
2636,1
2637,1
2638,1
2639,1
2640,0
2641,1
2642,1
2643,1
2644,1
2645,1
2646,1
2647,1
2648,0
2649,0
2650,1
2651,1
2652,0
2653,1
2654,1
2655,1
2656,0
2657,0
2658,1
2659,1
2660,1
2661,1
2662,1
2663,1
2664,1
2665,1
2666,1
2667,1
2668,1
2669,0
2670,1
2671,1
2672,1
2673,1
2674,1
2675,0
2676,0
2677,1
2678,1
2679,1
2680,1
2681,1
2682,1
2683,1
2684,1
2685,1
2686,0
2687,0
2688,0
2689,0
2690,0
2691,0
2692,1
2693,1
2694,1
2695,1
2696,1
2697,0
2698,1
2699,0
2700,1
2701,1
2702,1
2703,1
2704,1
2705,0
2706,1
2707,1
2708,0
2709,1
2710,1
2711,1
2712,1
2713,1
2714,1
2715,1
2716,1
2717,0
2718,1
2719,0
2720,1
2721,1
2722,1
2723,1
2724,0
2725,0
2726,0
2727,1
2728,1
2729,1
2730,0
2731,0
2732,1
2733,1
2734,1
2735,1
2736,1
2737,1
2738,1
2739,1
2740,1
2741,1
2742,1
2743,1
2744,0
2745,0
2746,1
2747,1
2748,1
2749,0
2750,0
2751,0
2752,1
2753,0
2754,1
2755,0
2756,1
2757,1
2758,0
2759,0
2760,0
2761,1
2762,0
2763,0
2764,1
2765,0
2766,0
2767,0
2768,0
2769,0
2770,1
2771,1
2772,1
2773,1
2774,0
2775,1
2776,1
2777,1
2778,1
2779,1
2780,1
2781,1
2782,0
2783,1
2784,0
2785,0
2786,0
2787,0
2788,0
2789,0
2790,1
2791,1
2792,0
2793,1
2794,0
2795,0
2796,0
2797,1
2798,1
2799,1
2800,1
2801,1
2802,1
2803,1
2804,0
2805,0
2806,0
2807,1
2808,1
2809,1
2810,1
2811,0
2812,1
2813,1
2814,1
2815,1
2816,1
2817,1
2818,0
2819,0
2820,0
2821,0
2822,1
2823,1
2824,1
2825,1
2826,0
2827,1
2828,1
2829,0
2830,1
2831,0
2832,0
2833,1
2834,1
2835,1
2836,1
2837,1
2838,1
2839,1
2840,0
2841,1
2842,1
2843,0
2844,1
2845,1
2846,1
2847,1
2848,0
2849,0
2850,0
2851,0
2852,1
2853,0
2854,1
2855,1
2856,1
2857,0
2858,1
2859,1
2860,1
2861,1
2862,1
2863,0
2864,0
2865,0
2866,1
2867,1
2868,0
2869,1
2870,1
2871,0
2872,1
2873,1
2874,1
2875,1
2876,0
2877,0
2878,1
2879,1
2880,0
2881,0
2882,0
2883,1
2884,1
2885,1
2886,1
2887,0
2888,1
2889,1
2890,1
2891,1
2892,1
2893,0
2894,0
2895,0
2896,1
2897,1
2898,0
2899,1
2900,0
2901,0
2902,0
2903,0
2904,0
2905,0
2906,1
2907,1
2908,1
2909,0
2910,0
2911,0
2912,1
2913,1
2914,1
2915,1
2916,1
2917,1
2918,0
2919,0
2920,0
2921,0
2922,1
2923,1
2924,1
2925,0
2926,1
2927,1
2928,1
2929,1
2930,0
2931,1
2932,1
2933,0
2934,1
2935,1
2936,1
2937,1
2938,1
2939,0
2940,1
2941,1
2942,1
2943,1
2944,1
2945,1
2946,1
2947,1
2948,1
2949,0
2950,1
2951,0
2952,0
2953,1
2954,1
2955,1
2956,1
2957,1
2958,1
2959,0
2960,1
2961,1
2962,1
2963,0
2964,0
2965,1
2966,1
2967,1
2968,1
2969,1
2970,1
2971,1
2972,1
2973,1
2974,1
2975,1
2976,1
2977,1
2978,0
2979,0
2980,1
2981,0
2982,0
2983,1
2984,1
2985,1
2986,1
2987,1
2988,0
2989,0
2990,1
2991,1
2992,0
2993,0
2994,1
2995,1
2996,0
2997,1
2998,1
2999,1
3000,0
3001,0
3002,0
3003,1
3004,1
3005,0
3006,1
3007,1
3008,0
3009,0
3010,1
3011,0
3012,0
3013,0
3014,1
3015,1
3016,0
3017,0
3018,0
3019,0
3020,1
3021,1
3022,0
3023,0
3024,0
3025,1
3026,1
3027,1
3028,1
3029,1
3030,1
3031,1
3032,1
3033,1
3034,1
3035,1
3036,1
3037,0
3038,1
3039,0
3040,0
3041,1
3042,1
3043,1
3044,1
3045,1
3046,1
3047,0
3048,0
3049,1
3050,1
3051,1
3052,1
3053,0
3054,0
3055,1
3056,0
3057,1
3058,1
3059,0
3060,0
3061,0
3062,0
3063,1
3064,1
3065,0
3066,1
3067,1
3068,0
3069,0
3070,1
3071,0
3072,0
3073,1
3074,0
3075,1
3076,1
3077,1
3078,0
3079,0
3080,1
3081,1
3082,0
3083,0
3084,0
3085,0
3086,1
3087,1
3088,1
3089,0
3090,0
3091,1
3092,1
3093,0
3094,0
3095,0
3096,1
3097,0
3098,1
3099,1
3100,1
3101,0
3102,0
3103,0
3104,1
3105,0
3106,0
3107,0
3108,1
3109,1
3110,0
3111,0
3112,0
3113,0
3114,0
3115,0
3116,0
3117,0
3118,0
3119,1
3120,0
3121,1
3122,1
3123,0
3124,0
3125,1
3126,0
3127,0
3128,1
3129,1
3130,1
3131,1
3132,1
3133,1
3134,1
3135,1
3136,1
3137,1
3138,0
3139,0
3140,0
3141,0
3142,0
3143,0
3144,1
3145,1
3146,1
3147,1
3148,1
3149,0
3150,0
3151,0
3152,1
3153,0
3154,1
3155,1
3156,1
3157,0
3158,0
3159,1
3160,1
3161,1
3162,1
3163,1
3164,1
3165,0
3166,1
3167,1
3168,0
3169,1
3170,0
3171,0
3172,1
3173,1
3174,0
3175,1
3176,0
3177,1
3178,1
3179,1
3180,1
3181,1
3182,1
3183,1
3184,1
3185,1
3186,0
3187,1
3188,1
3189,1
3190,1
3191,0
3192,0
3193,0
3194,0
3195,1
3196,1
3197,1
3198,1
3199,1
3200,1
3201,1
3202,1
3203,0
3204,0
3205,0
3206,1
3207,1
3208,0
3209,1
3210,0
3211,0
3212,0
3213,0
3214,0
3215,0
3216,1
3217,1
3218,1
3219,1
3220,1
3221,0
3222,0
3223,0
3224,1
3225,1
3226,1
3227,1
3228,0
3229,0
3230,1
3231,1
3232,1
3233,1
3234,1
3235,1
3236,1
3237,1
3238,1
3239,0
3240,0
3241,0
3242,0
3243,1
3244,1
3245,0
3246,1
3247,1
3248,1
3249,0
3250,1
3251,0
3252,0
3253,0
3254,1
3255,0
3256,0
3257,0
3258,1
3259,1
3260,1
3261,1
3262,1
3263,1
3264,0
3265,1
3266,1
3267,1
3268,1
3269,0
3270,0
3271,1
3272,1
3273,0
3274,0
3275,0
3276,0
3277,0
3278,0
3279,0
3280,0
3281,0
3282,0
3283,0
3284,1
3285,1
3286,1
3287,1
3288,0
3289,1
3290,1
3291,1
3292,0
3293,0
3294,0
3295,0
3296,1
3297,1
3298,1
3299,1
3300,0
3301,0
3302,0
3303,1
3304,1
3305,1
3306,1
3307,0
3308,1
3309,0
3310,0
3311,0
3312,1
3313,1
3314,1
3315,1
3316,1
3317,1
3318,0
3319,0
3320,1
3321,1
3322,1
3323,1
3324,0
3325,1
3326,0
3327,0
3328,0
3329,0
3330,0
3331,1
3332,1
3333,1
3334,0
3335,0
3336,1
3337,0
3338,1
3339,0
3340,1
3341,1
3342,1
3343,0
3344,1
3345,0
3346,0
3347,0
3348,1
3349,1
3350,1
3351,1
3352,1
3353,1
3354,1
3355,1
3356,0
3357,1
3358,1
3359,1
3360,0
3361,1
3362,0
3363,1
3364,1
3365,1
3366,0
3367,1
3368,1
3369,0
3370,0
3371,0
3372,0
3373,1
3374,0
3375,1
3376,1
3377,0
3378,1
3379,1
3380,0
3381,1
3382,0
3383,1
3384,0
3385,1
3386,0
3387,0
3388,1
3389,1
3390,1
3391,1
3392,1
3393,0
3394,0
3395,0
3396,1
3397,1
3398,1
3399,1
3400,0
3401,1
3402,1
3403,0
3404,1
3405,1
3406,1
3407,1
3408,0
3409,0
3410,1
3411,1
3412,1
3413,1
3414,1
3415,0
3416,0
3417,1
3418,1
3419,1
3420,1
3421,1
3422,0
3423,0
3424,0
3425,0
3426,0
3427,0
3428,0
3429,0
3430,0
3431,0
3432,0
3433,0
3434,0
3435,0
3436,1
3437,0
3438,0
3439,1
3440,1
3441,0
3442,0
3443,0
3444,0
3445,0
3446,0
3447,1
3448,1
3449,1
3450,1
3451,1
3452,1
3453,1
3454,1
3455,0
3456,0
3457,1
3458,1
3459,1
3460,1
3461,0
3462,0
3463,0
3464,0
3465,0
3466,0
3467,1
3468,0
3469,1
3470,1
3471,1
3472,1
3473,1
3474,1
3475,0
3476,1
3477,0
3478,1
3479,1
3480,1
3481,1
3482,0
3483,1
3484,1
3485,1
3486,1
3487,0
3488,0
3489,0
3490,0
3491,1
3492,1
3493,1
3494,1
3495,0
3496,0
3497,0
3498,1
3499,1
3500,1
3501,1
3502,0
3503,0
3504,0
3505,0
3506,1
3507,0
3508,0
3509,0
3510,1
3511,1
3512,1
3513,0
3514,1
3515,1
3516,1
3517,1
3518,1
3519,0
3520,0
3521,1
3522,1
3523,1
3524,1
3525,1
3526,0
3527,0
3528,0
3529,1
3530,0
3531,1
3532,0
3533,1
3534,1
3535,1
3536,0
3537,1
3538,1
3539,1
3540,0
3541,0
3542,1
3543,0
3544,0
3545,1
3546,0
3547,0
3548,0
3549,1
3550,0
3551,0
3552,0
3553,0
3554,0
3555,1
3556,1
3557,0
3558,0
3559,1
3560,1
3561,1
3562,1
3563,1
3564,0
3565,0
3566,1
3567,1
3568,1
3569,0
3570,0
3571,1
3572,1
3573,1
3574,1
3575,1
3576,0
3577,1
3578,1
3579,1
3580,1
3581,1
3582,1
3583,0
3584,0
3585,0
3586,0
3587,0
3588,0
3589,0
3590,0
3591,0
3592,1
3593,0
3594,1
3595,1
3596,1
3597,1
3598,0
3599,0
3600,0
3601,0
3602,0
3603,0
3604,0
3605,0
3606,0
3607,0
3608,1
3609,1
3610,0
3611,0
3612,1
3613,1
3614,0
3615,0
3616,1
3617,1
3618,0
3619,0
3620,0
3621,0
3622,1
3623,0
3624,0
3625,0
3626,1
3627,1
3628,1
3629,1
3630,1
3631,1
3632,1
3633,1
3634,0
3635,1
3636,0
3637,0
3638,0
3639,1
3640,1
3641,0
3642,0
3643,1
3644,1
3645,1
3646,1
3647,0
3648,1
3649,0
3650,0
3651,1
3652,1
3653,0
3654,0
3655,0
3656,1
3657,1
3658,0
3659,0
3660,0
3661,1
3662,0
3663,1
3664,0
3665,1
3666,1
3667,0
3668,1
3669,1
3670,1
3671,1
3672,0
3673,0
3674,0
3675,0
3676,1
3677,0
3678,1
3679,0
3680,0
3681,0
3682,0
3683,0
3684,0
3685,1
3686,1
3687,1
3688,0
3689,0
3690,0
3691,0
3692,1
3693,1
3694,0
3695,0
3696,0
3697,0
3698,1
3699,1
3700,0
3701,0
3702,0
3703,1
3704,1
3705,0
3706,0
3707,1
3708,0
3709,1
3710,1
3711,1
3712,1
3713,0
3714,0
3715,1
3716,0
3717,1
3718,1
3719,1
3720,0
3721,0
3722,0
3723,0
3724,0
3725,0
3726,0
3727,0
3728,0
3729,1
3730,0
3731,1
3732,1
3733,1
3734,0
3735,1
3736,0
3737,1
3738,0
3739,0
3740,1
3741,1
3742,1
3743,0
3744,0
3745,1
3746,0
3747,0
3748,0
3749,1
3750,0
3751,0
3752,1
3753,1
3754,0
3755,0
3756,1
3757,1
3758,1
3759,1
3760,1
3761,1
3762,0
3763,0
3764,0
3765,1
3766,1
3767,0
3768,0
3769,1
3770,0
3771,1
3772,1
3773,1
3774,1
3775,0
3776,1
3777,1
3778,0
3779,1
3780,1
3781,1
3782,0
3783,0
3784,1
3785,1
3786,1
3787,0
3788,0
3789,0
3790,0
3791,0
3792,0
3793,1
3794,1
3795,1
3796,0
3797,1
3798,1
3799,1
3800,1
3801,1
3802,0
3803,0
3804,1
3805,1
3806,0
3807,1
3808,0
3809,1
3810,1
3811,0
3812,0
3813,0
3814,1
3815,1
3816,0
3817,0
3818,0
3819,1
3820,1
3821,0
3822,0
3823,0
3824,0
3825,1
3826,0
3827,0
3828,1
3829,1
3830,0
3831,1
3832,0
3833,1
3834,1
3835,1
3836,1
3837,1
3838,1
3839,1
3840,1
3841,1
3842,1
3843,1
3844,1
3845,1
3846,1
3847,1
3848,1
3849,1
3850,0
3851,1
3852,1
3853,1
3854,1
3855,1
3856,1
3857,1
3858,1
3859,1
3860,1
3861,1
3862,1
3863,1
3864,1
3865,1
3866,1
3867,1
3868,1
3869,1
3870,1
3871,1
3872,0
3873,1
3874,1
3875,0
3876,0
3877,1
3878,1
3879,0
3880,1
3881,1
3882,1
3883,0
3884,0
3885,0
3886,0
3887,1
3888,1
3889,1
3890,1
3891,1
3892,1
3893,0
3894,1
3895,1
3896,0
3897,1
3898,0
3899,0
3900,0
3901,1
3902,0
3903,0
3904,0
3905,1
3906,0
3907,0
3908,0
3909,0
3910,0
3911,0
3912,1
3913,0
3914,0
3915,1
3916,1
3917,1
3918,1
3919,0
3920,0
3921,1
3922,1
3923,1
3924,1
3925,1
3926,1
3927,0
3928,0
3929,0
3930,1
3931,0
3932,0
3933,0
3934,1
3935,1
3936,0
3937,1
3938,0
3939,1
3940,0
3941,0
3942,0
3943,0
3944,0
3945,0
3946,1
3947,1
3948,1
3949,1
3950,1
3951,0
3952,1
3953,1
3954,0
3955,1
3956,0
3957,0
3958,1
3959,1
3960,0
3961,0
3962,0
3963,1
3964,1
3965,1
3966,1
3967,0
3968,1
3969,1
3970,1
3971,1
3972,1
3973,0
3974,1
3975,1
3976,0
3977,0
3978,0
3979,0
3980,0
3981,1
3982,0
3983,1
3984,1
3985,0
3986,0
3987,1
3988,1
3989,1
3990,1
3991,1
3992,0
3993,1
3994,1
3995,0
3996,1
3997,1
3998,1
3999,1
4000,1
4001,0
4002,0
4003,1
4004,1
4005,0
4006,0
4007,1
4008,1
4009,0
4010,1
4011,1
4012,0
4013,1
4014,0
4015,1
4016,0
4017,0
4018,0
4019,0
4020,1
4021,1
4022,1
4023,1
4024,0
4025,1
4026,1
4027,1
4028,1
4029,1
4030,1
4031,1
4032,1
4033,0
4034,0
4035,1
4036,0
4037,1
4038,0
4039,0
4040,1
4041,1
4042,0
4043,0
4044,0
4045,1
4046,0
4047,0
4048,1
4049,1
4050,1
4051,1
4052,0
4053,0
4054,1
4055,0
4056,1
4057,1
4058,1
4059,1
4060,0
4061,1
4062,1
4063,1
4064,0
4065,0
4066,0
4067,0
4068,1
4069,0
4070,1
4071,1
4072,0
4073,0
4074,0
4075,1
4076,0
4077,0
4078,0
4079,1
4080,0
4081,0
4082,0
4083,1
4084,0
4085,0
4086,0
4087,0
4088,0
4089,1
4090,0
4091,0
4092,1
4093,1
4094,0
4095,1
4096,1
4097,0
4098,0
4099,0
4100,0
4101,1
4102,0
4103,0
4104,0
4105,0
4106,1
4107,1
4108,0
4109,1
4110,1
4111,1
4112,1
4113,1
4114,1
4115,1
4116,1
4117,0
4118,1
4119,1
4120,1
4121,1
4122,0
4123,0
4124,1
4125,0
4126,1
4127,1
4128,0
4129,0
4130,1
4131,1
4132,1
4133,1
4134,1
4135,1
4136,0
4137,0
4138,0
4139,0
4140,1
4141,1
4142,1
4143,0
4144,1
4145,1
4146,1
4147,0
4148,0
4149,0
4150,0
4151,1
4152,1
4153,1
4154,1
4155,0
4156,1
4157,0
4158,1
4159,0
4160,0
4161,0
4162,1
4163,1
4164,1
4165,1
4166,0
4167,1
4168,1
4169,0
4170,1
4171,1
4172,1
4173,0
4174,1
4175,0
4176,1
4177,1
4178,0
4179,1
4180,0
4181,1
4182,0
4183,0
4184,0
4185,1
4186,1
4187,0
4188,0
4189,1
4190,1
4191,0
4192,1
4193,1
4194,1
4195,0
4196,0
4197,0
4198,0
4199,0
4200,0
4201,0
4202,0
4203,0
4204,0
4205,1
4206,1
4207,1
4208,1
4209,1
4210,1
4211,1
4212,1
4213,1
4214,0
4215,0
4216,1
4217,0
4218,1
4219,1
4220,0
4221,1
4222,1
4223,1
4224,0
4225,0
4226,1
4227,1
4228,1
4229,1
4230,1
4231,1
4232,1
4233,0
4234,1
4235,1
4236,1
4237,0
4238,1
4239,1
4240,1
4241,0
4242,0
4243,1
4244,1
4245,0
4246,1
4247,1
4248,1
4249,1
4250,1
4251,0
4252,0
4253,1
4254,1
4255,1
4256,0
4257,0
4258,1
4259,0
4260,1
4261,1
4262,1
4263,1
4264,1
4265,0
4266,0
4267,0
4268,1
4269,1
4270,1
4271,0
4272,1
4273,1
4274,0
4275,1
4276,1
4277,1
4278,1
4279,1
4280,0
4281,0
4282,0
4283,0
4284,0
4285,0
4286,0
4287,0
4288,0
4289,1
4290,0
4291,1
4292,0
4293,1
4294,0
4295,0
4296,1
4297,1
4298,1
4299,0
4300,1
4301,1
4302,1
4303,0
4304,0
4305,1
4306,1
4307,0
4308,1
4309,1
4310,0
4311,0
4312,1
4313,1
4314,1
4315,1
4316,0
4317,1
4318,1
4319,1
4320,1
4321,1
4322,1
4323,1
4324,1
4325,1
4326,1
4327,1
4328,1
4329,0
4330,0
4331,1
4332,1
4333,1
4334,1
4335,0
4336,0
4337,1
4338,1
4339,0
4340,1
4341,1
4342,1
4343,1
4344,0
4345,1
4346,0
4347,1
4348,1
4349,1
4350,1
4351,1
4352,0
4353,0
4354,0
4355,1
4356,1
4357,1
4358,0
4359,0
4360,0
4361,0
4362,1
4363,1
4364,0
4365,1
4366,1
4367,1
4368,1
4369,0
4370,1
4371,1
4372,1
4373,0
4374,0
4375,1
4376,1
4377,1
4378,1
4379,0
4380,1
4381,1
4382,1
4383,1
4384,1
4385,1
4386,1
4387,1
4388,1
4389,1
4390,0
4391,0
4392,0
4393,0
4394,0
4395,1
4396,0
4397,0
4398,1
4399,0
4400,0
4401,0
4402,0
4403,1
4404,1
4405,1
4406,0
4407,0
4408,1
4409,1
4410,0
4411,1
4412,1
4413,0
4414,0
4415,1
4416,1
4417,1
4418,0
4419,0
4420,1
4421,0
4422,1
4423,1
4424,1
4425,1
4426,1
4427,1
4428,1
4429,1
4430,0
4431,1
4432,1
4433,0
4434,0
4435,0
4436,0
4437,0
4438,0
4439,1
4440,0
4441,0
4442,1
4443,0
4444,0
4445,1
4446,1
4447,1
4448,0
4449,1
4450,1
4451,1
4452,1
4453,0
4454,1
4455,1
4456,1
4457,1
4458,0
4459,0
4460,1
4461,0
4462,0
4463,1
4464,0
4465,1
4466,1
4467,1
4468,1
4469,1
4470,0
4471,0
4472,1
4473,0
4474,0
4475,1
4476,1
4477,1
4478,1
4479,1
4480,1
4481,0
4482,1
4483,0
4484,0
4485,0
4486,0
4487,1
4488,0
4489,1
4490,1
4491,0
4492,0
4493,0
4494,1
4495,1
4496,1
4497,1
4498,1
4499,1
4500,1
4501,0
4502,0
4503,0
4504,0
4505,0
4506,0
4507,0
4508,0
4509,0
4510,1
4511,1
4512,0
4513,1
4514,1
4515,1
4516,1
4517,1
4518,1
4519,0
4520,1
4521,1
4522,1
4523,0
4524,1
4525,1
4526,1
4527,1
4528,0
4529,1
4530,1
4531,1
4532,1
4533,0
4534,1
4535,1
4536,0
4537,0
4538,1
4539,0
4540,0
4541,0
4542,0
4543,0
4544,1
4545,1
4546,1
4547,1
4548,0
4549,0
4550,0
4551,0
4552,0
4553,0
4554,1
4555,1
4556,0
4557,1
4558,1
4559,0
4560,0
4561,1
4562,0
4563,0
4564,0
4565,0
4566,1
4567,1
4568,0
4569,1
4570,1
4571,0
4572,0
4573,1
4574,0
4575,1
4576,1
4577,1
4578,1
4579,1
4580,1
4581,1
4582,0
4583,0
4584,0
4585,1
4586,0
4587,0
4588,0
4589,0
4590,0
4591,1
4592,1
4593,0
4594,1
4595,1
4596,1
4597,0
4598,0
4599,0
4600,1
4601,1
4602,1
4603,1
4604,0
4605,1
4606,1
4607,1
4608,0
4609,0
4610,1
4611,1
4612,1
4613,0
4614,1
4615,1
4616,1
4617,0
4618,0
4619,1
4620,1
4621,1
4622,1
4623,0
4624,0
4625,0
4626,1
4627,1
4628,1
4629,1
4630,0
4631,1
4632,1
4633,1
4634,0
4635,1
4636,0
4637,1
4638,1
4639,1
4640,0
4641,1
4642,0
4643,1
4644,1
4645,1
4646,1
4647,1
4648,1
4649,1
4650,1
4651,1
4652,1
4653,1
4654,0
4655,0
4656,1
4657,0
4658,0
4659,1
4660,1
4661,1
4662,0
4663,1
4664,1
4665,1
4666,1
4667,1
4668,1
4669,1
4670,1
4671,1
4672,1
4673,0
4674,1
4675,1
4676,1
4677,1
4678,1
4679,1
4680,1
4681,0
4682,0
4683,0
4684,0
4685,0
4686,1
4687,0
4688,0
4689,1
4690,0
4691,0
4692,0
4693,0
4694,0
4695,0
4696,1
4697,0
4698,0
4699,1
4700,0
4701,0
4702,1
4703,0
4704,1
4705,1
4706,0
4707,0
4708,1
4709,1
4710,1
4711,1
4712,1
4713,0
4714,0
4715,0
4716,0
4717,0
4718,1
4719,1
4720,0
4721,1
4722,0
4723,1
4724,1
4725,1
4726,1
4727,0
4728,1
4729,1
4730,1
4731,1
4732,1
4733,1
4734,1
4735,0
4736,1
4737,1
4738,1
4739,1
4740,1
4741,1
4742,1
4743,1
4744,1
4745,1
4746,1
4747,1
4748,0
4749,1
4750,1
4751,0
4752,1
4753,1
4754,1
4755,0
4756,0
4757,0
4758,0
4759,0
4760,1
4761,0
4762,0
4763,1
4764,0
4765,1
4766,1
4767,0
4768,1
4769,0
4770,1
4771,0
4772,0
4773,0
4774,1
4775,1
4776,0
4777,1
4778,1
4779,1
4780,0
4781,0
4782,0
4783,1
4784,1
4785,0
4786,0
4787,1
4788,0
4789,0
4790,1
4791,0
4792,1
4793,1
4794,1
4795,1
4796,1
4797,0
4798,0
4799,0
4800,0
4801,0
4802,0
4803,1
4804,1
4805,1
4806,1
4807,1
4808,1
4809,1
4810,1
4811,1
4812,0
4813,1
4814,0
4815,0
4816,0
4817,0
4818,1
4819,0
4820,0
4821,0
4822,1
4823,1
4824,1
4825,1
4826,0
4827,1
4828,0
4829,0
4830,0
4831,0
4832,1
4833,1
4834,0
4835,0
4836,1
4837,0
4838,0
4839,0
4840,0
4841,1
4842,1
4843,0
4844,1
4845,0
4846,1
4847,1
4848,1
4849,0
4850,0
4851,1
4852,1
4853,1
4854,0
4855,0
4856,0
4857,0
4858,1
4859,1
4860,0
4861,0
4862,0
4863,0
4864,0
4865,1
4866,0
4867,1
4868,0
4869,0
4870,0
4871,0
4872,1
4873,0
4874,0
4875,0
4876,0
4877,0
4878,0
4879,0
4880,0
4881,0
4882,0
4883,0
4884,0
4885,1
4886,1
4887,1
4888,1
4889,0
4890,0
4891,0
4892,0
4893,1
4894,1
4895,0
4896,1
4897,0
4898,0
4899,0
4900,0
4901,1
4902,1
4903,0
4904,0
4905,1
4906,0
4907,0
4908,0
4909,0
4910,1
4911,1
4912,1
4913,1
4914,0
4915,1
4916,1
4917,0
4918,1
4919,1
4920,0
4921,0
4922,0
4923,0
4924,0
4925,0
4926,0
4927,0
4928,1
4929,1
4930,1
4931,1
4932,1
4933,1
4934,1
4935,1
4936,1
4937,1
4938,0
4939,1
4940,0
4941,0
4942,1
4943,0
4944,1
4945,1
4946,1
4947,1
4948,0
4949,0
4950,1
4951,1
4952,1
4953,1
4954,1
4955,1
4956,0
4957,0
4958,0
4959,1
4960,0
4961,1
4962,1
4963,1
4964,0
4965,1
4966,0
4967,1
4968,0
4969,0
4970,0
4971,1
4972,1
4973,1
4974,1
4975,1
4976,1
4977,1
4978,0
4979,1
4980,1
4981,1
4982,1
4983,1
4984,1
4985,1
4986,0
4987,1
4988,1
4989,1
4990,0
4991,0
4992,0
4993,0
4994,0
4995,0
4996,1
4997,1
4998,0
4999,0
5000,0
5001,0
5002,0
5003,1
5004,0
5005,1
5006,0
5007,1
5008,1
5009,0
5010,0
5011,1
5012,0
5013,1
5014,1
5015,1
5016,0
5017,0
5018,0
5019,1
5020,1
5021,0
5022,0
5023,1
5024,0
5025,0
5026,1
5027,1
5028,0
5029,0
5030,1
5031,1
5032,0
5033,0
5034,0
5035,0
5036,0
5037,1
5038,1
5039,1
5040,0
5041,0
5042,0
5043,0
5044,0
5045,1
5046,0
5047,0
5048,0
5049,0
5050,1
5051,1
5052,0
5053,0
5054,0
5055,1
5056,1
5057,1
5058,0
5059,0
5060,0
5061,1
5062,0
5063,1
5064,0
5065,1
5066,1
5067,1
5068,1
5069,1
5070,1
5071,1
5072,0
5073,0
5074,0
5075,1
5076,0
5077,1
5078,1
5079,1
5080,1
5081,1
5082,1
5083,1
5084,1
5085,0
5086,1
5087,1
5088,0
5089,0
5090,1
5091,0
5092,1
5093,1
5094,0
5095,0
5096,0
5097,0
5098,1
5099,0
5100,0
5101,0
5102,0
5103,0
5104,1
5105,1
5106,1
5107,1
5108,1
5109,1
5110,1
5111,0
5112,0
5113,1
5114,0
5115,0
5116,0
5117,0
5118,1
5119,0
5120,0
5121,0
5122,0
5123,1
5124,0
5125,0
5126,0
5127,0
5128,0
5129,1
5130,1
5131,1
5132,0
5133,0
5134,0
5135,1
5136,0
5137,0
5138,0
5139,0
5140,1
5141,0
5142,1
5143,0
5144,1
5145,1
5146,1
5147,1
5148,1
5149,0
5150,0
5151,0
5152,1
5153,0
5154,0
5155,0
5156,0
5157,0
5158,0
5159,0
5160,0
5161,0
5162,0
5163,1
5164,1
5165,0
5166,0
5167,1
5168,1
5169,0
5170,0
5171,0
5172,1
5173,1
5174,0
5175,1
5176,1
5177,0
5178,1
5179,0
5180,0
5181,0
5182,0
5183,0
5184,1
5185,1
5186,0
5187,1
5188,1
5189,0
5190,1
5191,1
5192,1
5193,0
5194,0
5195,0
5196,0
5197,1
5198,0
5199,1
5200,0
5201,1
5202,1
5203,1
5204,1
5205,0
5206,0
5207,0
5208,0
5209,0
5210,0
5211,1
5212,1
5213,0
5214,1
5215,1
5216,1
5217,0
5218,0
5219,1
5220,1
5221,1
5222,1
5223,1
5224,0
5225,1
5226,0
5227,0
5228,1
5229,1
5230,1
5231,1
5232,1
5233,0
5234,0
5235,1
5236,0
5237,0
5238,0
5239,0
5240,1
5241,1
5242,1
5243,1
5244,1
5245,1
5246,0
5247,1
5248,1
5249,0
5250,1
5251,1
5252,1
5253,0
5254,0
5255,1
5256,0
5257,1
5258,0
5259,0
5260,0
5261,1
5262,1
5263,1
5264,1
5265,1
5266,0
5267,0
5268,1
5269,1
5270,0
5271,1
5272,1
5273,0
5274,1
5275,0
5276,0
5277,1
5278,1
5279,1
5280,0
5281,1
5282,0
5283,1
5284,1
5285,1
5286,1
5287,0
5288,1
5289,1
5290,0
5291,0
5292,1
5293,1
5294,0
5295,1
5296,0
5297,0
5298,1
5299,0
5300,0
5301,0
5302,1
5303,0
5304,0
5305,1
5306,0
5307,0
5308,0
5309,0
