0,5
1,6
2,4
3,4
4,2
5,5
6,5
7,6
8,4
9,4
10,3
11,4
12,5
13,6
14,5
15,2
16,5
17,4
18,5
19,5
20,6
21,5
22,6
23,4
24,6
25,3
26,3
27,6
28,3
29,5
30,5
31,3
32,5
33,1
34,7
35,7
36,2
37,6
38,5
39,6
40,7
41,5
42,5
43,5
44,4
45,7
46,6
47,4
48,6
49,5
50,2
51,4
52,3
53,6
54,7
55,4
56,4
57,4
58,6
59,6
60,4
61,5
62,3
63,5
64,5
65,6
66,3
67,5
68,4
69,5
70,5
71,6
72,4
73,6
74,6
75,6
76,5
77,6
78,4
79,5
80,6
81,4
82,4
83,4
84,5
85,5
86,5
87,5
88,4
89,6
90,6
91,1
92,1
93,5
94,6
95,5
96,5
97,3
98,2
99,2
100,5
101,5
102,1
103,3
104,3
105,3
106,6
107,3
108,4
109,5
110,5
111,5
112,5
113,5
114,3
115,7
116,4
117,3
118,3
119,3
120,7
121,5
122,6
123,5
124,4
125,4
126,4
127,4
128,4
129,2
130,3
131,4
132,3
133,6
134,6
135,5
136,4
137,4
138,6
139,4
140,3
141,3
142,3
143,5
144,6
145,5
146,5
147,5
148,3
149,4
150,4
151,5
152,3
153,4
154,5
155,3
156,3
157,5
158,4
159,6
160,6
161,6
162,0
163,0
164,6
165,4
166,5
167,3
168,6
169,5
170,6
171,5
172,3
173,5
174,6
175,1
176,6
177,6
178,6
179,5
180,6
181,2
182,2
183,6
184,6
185,5
186,3
187,6
188,6
189,6
190,5
191,6
192,4
193,4
194,5
195,8
196,4
197,6
198,6
199,6
200,3
201,3
202,3
203,6
204,6
205,6
206,7
207,5
208,5
209,5
210,3
211,5
212,4
213,2
214,2
215,5
216,5
217,2
218,5
219,4
220,4
221,4
222,2
223,2
224,5
225,6
226,4
227,5
228,4
229,3
230,6
231,5
232,4
233,7
234,3
235,1
236,1
237,4
238,5
239,5
240,0
241,4
242,5
243,5
244,4
245,4
246,1
247,6
248,6
249,5
250,3
251,4
252,4
253,2
254,2
255,7
256,5
257,2
258,4
259,4
260,4
261,5
262,3
263,3
264,7
265,1
266,7
267,6
268,7
269,3
270,6
271,6
272,5
273,7
274,6
275,7
276,6
277,6
278,4
279,3
280,7
281,7
282,6
283,6
284,5
285,6
286,6
287,7
288,7
289,3
290,6
291,7
292,5
293,5
294,6
295,6
296,6
297,6
298,6
299,7
300,5
301,5
302,7
303,7
304,5
305,6
306,6
307,6
308,5
309,4
310,4
311,5
312,4
313,5
314,4
315,5
316,5
317,5
318,6
319,4
320,6
321,6
322,4
323,6
324,6
325,5
326,7
327,5
328,5
329,2
330,7
331,4
332,4
333,4
334,5
335,5
336,7
337,6
338,6
339,6
340,6
341,5
342,5
343,5
344,6
345,3
346,5
347,4
348,4
349,4
350,5
351,6
352,6
353,6
354,6
355,2
356,6
357,6
358,6
359,3
360,4
361,4
362,5
363,5
364,6
365,7
366,5
367,5
368,5
369,5
370,4
371,5
372,5
373,6
374,6
375,6
376,1
377,3
378,4
379,5
380,5
381,5
382,5
383,5
384,6
385,3
386,6
387,4
388,6
389,1
390,3
391,5
392,4
393,5
394,5
395,4
396,6
397,5
398,6
399,5
400,4
401,5
402,5
403,5
404,6
405,6
406,6
407,6
408,4
409,4
410,4
411,3
412,3
413,5
414,4
415,4
416,2
417,4
418,4
419,6
420,6
421,4
422,5
423,5
424,5
425,4
426,5
427,5
428,4
429,4
430,4
431,5
432,5
433,7
434,2
435,4
436,5
437,5
438,6
439,5
440,5
441,3
442,4
443,5
444,6
445,6
446,6
447,3
448,5
449,7
450,5
451,6
452,6
453,3
454,3
455,6
456,2
457,4
458,5
459,5
460,5
461,5
462,6
463,6
464,3
465,4
466,6
467,3
468,6
469,5
470,6
471,5
472,5
473,5
474,5
475,0
476,6
477,6
478,5
479,5
480,7
481,6
482,6
483,6
484,6
485,6
486,5
487,5
488,6
489,5
490,5
491,5
492,5
493,5
494,4
495,4
496,3
497,3
498,6
499,6
500,6
501,5
502,3
503,5
504,3
505,3
506,4
507,5
508,2
509,6
510,6
511,3
512,7
513,4
514,6
515,6
516,6
517,6
518,5
519,5
520,5
521,5
522,2
523,6
524,5
525,6
526,2
527,4
528,7
529,5
530,5
531,6
532,5
533,1
534,4
535,4
536,5
537,6
538,5
539,3
540,4
541,5
542,1
543,5
544,5
545,6
546,4
547,6
548,6
549,7
550,5
551,5
552,5
553,4
554,5
555,3
556,5
557,5
558,5
559,5
560,5
561,3
562,4
563,7
564,3
565,4
566,5
567,7
568,6
569,5
570,5
571,6
572,6
573,4
574,4
575,2
576,5
577,3
578,2
579,2
580,5
581,7
582,4
583,6
584,6
585,6
586,6
587,2
588,7
589,5
590,5
591,3
592,3
593,7
594,3
595,5
596,5
597,5
598,4
599,6
600,6
601,6
602,5
603,4
604,3
605,5
606,6
607,5
608,5
609,6
610,5
611,4
612,7
613,5
614,5
615,4
616,1
617,1
618,5
619,4
620,5
621,4
622,4
623,5
624,4
625,4
626,4
627,6
628,6
629,6
630,6
631,5
632,6
633,5
634,2
635,2
636,7
637,4
638,6
639,4
640,4
641,4
642,6
643,5
644,4
645,6
646,7
647,7
648,6
649,3
650,3
651,6
652,5
653,5
654,5
655,4
656,5
657,5
658,4
659,4
660,7
661,5
662,7
663,4
664,6
665,2
666,6
667,4
668,4
669,1
670,1
671,1
672,1
673,3
674,3
675,3
676,2
677,7
678,6
679,6
680,2
681,5
682,7
683,5
684,5
685,6
686,3
687,1
688,1
689,4
690,4
691,3
692,5
693,5
694,5
695,5
696,1
697,1
698,6
699,4
700,5
701,3
702,5
703,7
704,1
705,1
706,6
707,6
708,5
709,4
710,6
711,6
712,3
713,3
714,5
715,4
716,5
717,5
718,5
719,3
720,6
721,6
722,4
723,6
724,6
725,5
726,6
727,4
728,5
729,4
730,2
731,4
732,4
733,6
734,2
735,2
736,5
737,5
738,2
739,0
740,0
741,5
742,5
743,3
744,7
745,4
746,5
747,5
748,6
749,3
750,3
751,5
752,4
753,1
754,5
755,6
756,4
757,4
758,4
759,6
760,6
761,7
762,7
763,4
764,3
765,3
766,5
767,3
768,6
769,4
770,5
771,5
772,3
773,6
774,7
775,4
776,6
777,4
778,2
779,5
780,3
781,4
782,5
783,6
784,5
785,5
786,5
787,5
788,3
789,3
790,7
791,7
792,5
793,3
794,3
795,5
796,5
797,5
798,6
799,6
800,5
801,5
802,2
803,5
804,5
805,6
806,4
807,4
808,6
809,1
810,6
811,6
812,4
813,6
814,2
815,2
816,4
817,4
818,5
819,6
820,3
821,5
822,2
823,2
824,2
825,2
826,5
827,6
828,4
829,6
830,5
831,3
832,6
833,6
834,5
835,4
836,1
837,6
838,6
839,5
840,5
841,4
842,2
843,3
844,3
845,5
846,3
847,7
848,7
849,7
850,4
851,5
852,6
853,6
854,6
855,6
856,5
857,3
858,4
859,5
860,5
861,4
862,4
863,7
864,4
865,5
866,6
867,3
868,3
869,4
870,4
871,6
872,6
873,6
874,4
875,4
876,0
877,7
878,5
879,1
880,3
881,3
882,6
883,5
884,5
885,6
886,2
887,6
888,6
889,5
890,4
891,6
892,4
893,6
894,6
895,5
896,6
897,4
898,4
899,5
900,4
901,6
902,6
903,5
904,4
905,1
906,3
907,1
908,1
909,6
910,5
911,6
912,5
913,4
914,4
915,4
916,6
917,6
918,5
919,4
920,4
921,5
922,5
923,5
924,4
925,4
926,5
927,5
928,5
929,4
930,5
931,5
932,6
933,5
934,4
935,4
936,6
937,4
938,4
939,4
940,6
941,4
942,7
943,7
944,3
945,2
946,3
947,4
948,4
949,4
950,6
951,4
952,6
953,3
954,5
955,5
956,4
957,0
958,7
959,5
960,6
961,5
962,5
963,4
964,4
965,5
966,2
967,6
968,6
969,5
970,4
971,6
972,4
973,4
974,4
975,4
976,5
977,4
978,4
979,4
980,4
981,5
982,6
983,4
984,5
985,5
986,3
987,4
988,5
989,3
990,5
991,5
992,6
993,6
994,7
995,6
996,7
997,5
998,6
999,5
1000,5
1001,2
1002,5
1003,5
1004,4
1005,4
1006,4
1007,6
1008,6
1009,4
1010,5
1011,6
1012,6
1013,5
1014,5
1015,6
1016,6
1017,4
1018,4
1019,4
1020,7
1021,6
1022,5
1023,4
1024,6
1025,6
1026,4
1027,4
1028,4
1029,4
1030,6
1031,6
1032,3
1033,3
1034,4
1035,4
1036,4
1037,4
1038,3
1039,3
1040,4
1041,4
1042,3
1043,3
1044,6
1045,5
1046,5
1047,2
1048,6
1049,5
1050,5
1051,4
1052,7
1053,4
1054,5
1055,5
1056,5
1057,5
1058,1
1059,6
1060,6
1061,4
1062,4
1063,5
1064,2
1065,5
1066,6
1067,4
1068,4
1069,3
1070,5
1071,4
1072,5
1073,5
1074,7
1075,5
1076,5
1077,5
1078,7
1079,6
1080,6
1081,4
1082,5
1083,5
1084,5
1085,3
1086,3
1087,5
1088,4
1089,4
1090,5
1091,5
1092,4
1093,4
1094,5
1095,6
1096,5
1097,5
1098,6
1099,5
1100,2
1101,5
1102,3
1103,5
1104,4
1105,7
1106,5
1107,6
1108,3
1109,5
1110,5
1111,3
1112,4
1113,5
1114,3
1115,3
1116,3
1117,5
1118,5
1119,2
1120,2
1121,6
1122,6
1123,3
1124,3
1125,6
1126,4
1127,6
1128,6
1129,4
1130,5
1131,5
1132,4
1133,4
1134,4
1135,3
1136,4
1137,5
1138,2
1139,6
1140,6
1141,6
1142,5
1143,6
1144,3
1145,4
1146,4
1147,4
1148,0
1149,6
1150,4
1151,2
1152,4
1153,5
1154,6
1155,6
1156,6
1157,6
1158,6
1159,6
1160,5
1161,5
1162,5
1163,5
1164,7
1165,7
1166,5
1167,5
1168,6
1169,6
1170,5
1171,2
1172,3
1173,3
1174,6
1175,6
1176,6
1177,6
1178,4
1179,4
1180,5
1181,4
1182,5
1183,0
1184,6
1185,5
1186,5
1187,4
1188,2
1189,5
1190,5
1191,3
1192,3
1193,4
1194,0
1195,7
1196,5
1197,5
1198,5
1199,5
1200,5
1201,3
1202,3
1203,5
1204,6
1205,7
1206,5
1207,7
1208,7
1209,6
1210,6
1211,4
1212,5
1213,6
1214,5
1215,5
1216,2
1217,6
1218,7
1219,5
1220,5
1221,4
1222,7
1223,5
1224,5
1225,4
1226,4
1227,5
1228,3
1229,6
1230,3
1231,5
1232,4
1233,5
1234,6
1235,5
1236,5
1237,3
1238,6
1239,5
1240,5
1241,5
1242,4
1243,3
1244,3
1245,4
1246,4
1247,4
1248,4
1249,2
1250,4
1251,6
1252,6
1253,4
1254,5
1255,6
1256,6
1257,6
1258,2
1259,5
1260,4
1261,5
1262,4
1263,3
1264,3
1265,6
1266,6
1267,5
1268,6
1269,5
1270,4
1271,5
1272,6
1273,6
1274,6
1275,6
1276,5
1277,5
1278,5
1279,4
1280,6
1281,3
1282,6
1283,2
1284,4
1285,4
1286,5
1287,5
1288,5
1289,6
1290,3
1291,5
1292,5
1293,3
1294,3
1295,5
1296,4
1297,5
1298,3
1299,3
1300,6
1301,5
1302,6
1303,3
1304,4
1305,7
1306,5
1307,4
1308,4
1309,5
1310,4
1311,5
1312,6
1313,4
1314,4
1315,4
1316,3
1317,6
1318,2
1319,4
1320,3
1321,3
1322,3
1323,3
1324,3
1325,4
1326,4
1327,6
1328,6
1329,5
1330,1
1331,3
1332,6
1333,5
1334,5
1335,6
1336,5
1337,5
1338,5
1339,2
1340,6
1341,6
1342,6
1343,6
1344,5
1345,4
1346,6
1347,6
1348,4
1349,3
1350,4
1351,4
1352,4
1353,4
1354,5
1355,5
1356,5
1357,5
1358,5
1359,5
1360,6
1361,3
1362,3
1363,5
1364,5
1365,4
1366,3
1367,6
1368,6
1369,4
1370,4
1371,5
1372,4
1373,6
1374,4
1375,4
1376,7
1377,6
1378,6
1379,5
1380,5
1381,5
1382,6
1383,6
1384,4
1385,3
1386,5
1387,0
1388,0
1389,5
1390,6
1391,6
1392,5
1393,5
1394,5
1395,5
1396,1
1397,2
1398,3
1399,3
1400,4
1401,4
1402,6
1403,0
1404,0
1405,5
1406,5
1407,4
1408,5
1409,7
1410,7
1411,6
1412,4
1413,6
1414,6
1415,7
1416,6
1417,6
1418,5
1419,5
1420,5
1421,5
1422,5
1423,5
1424,4
1425,2
1426,2
1427,3
1428,3
1429,5
1430,3
1431,6
1432,3
1433,3
1434,3
1435,5
1436,5
1437,2
1438,2
1439,2
1440,5
1441,6
1442,3
1443,4
1444,3
1445,4
1446,4
1447,4
1448,2
1449,2
1450,4
1451,4
1452,6
1453,3
1454,3
1455,6
1456,6
1457,4
1458,5
1459,6
1460,4
1461,3
1462,5
1463,5
1464,3
1465,3
1466,5
1467,5
1468,4
1469,6
1470,5
1471,5
1472,7
1473,7
1474,5
1475,4
1476,4
1477,2
1478,2
1479,1
1480,5
1481,5
1482,6
1483,4
1484,4
1485,6
1486,2
1487,4
1488,4
1489,5
1490,3
1491,4
1492,4
1493,5
1494,4
1495,4
1496,5
1497,6
1498,6
1499,5
1500,3
1501,3
1502,3
1503,3
1504,2
1505,2
1506,4
1507,7
1508,7
1509,5
1510,5
1511,4
1512,4
1513,6
1514,5
1515,5
1516,6
1517,6
1518,5
1519,3
1520,6
1521,6
1522,3
1523,3
1524,5
1525,5
1526,6
1527,6
1528,5
1529,5
1530,5
1531,6
1532,2
1533,3
1534,7
1535,7
1536,7
1537,3
1538,6
1539,4
1540,4
1541,4
1542,7
1543,5
1544,5
1545,3
1546,3
1547,7
1548,4
1549,3
1550,6
1551,5
1552,7
1553,7
1554,4
1555,6
1556,5
1557,6
1558,5
1559,1
1560,5
1561,6
1562,6
1563,3
1564,6
1565,5
1566,4
1567,4
1568,4
1569,6
1570,6
1571,4
1572,5
1573,5
1574,5
1575,6
1576,6
1577,6
1578,6
1579,6
1580,4
1581,6
1582,5
1583,7
1584,1
1585,5
1586,5
1587,5
1588,5
1589,3
1590,5
1591,5
1592,5
1593,5
1594,4
1595,4
1596,6
1597,6
1598,6
1599,4
1600,4
1601,6
1602,1
1603,5
1604,5
1605,6
1606,7
1607,7
1608,4
1609,5
1610,5
1611,6
1612,5
1613,5
1614,5
1615,3
1616,5
1617,5
1618,6
1619,4
1620,4
1621,2
1622,5
1623,7
1624,5
1625,6
1626,4
1627,4
1628,1
1629,1
1630,4
1631,6
1632,4
1633,4
1634,5
1635,5
1636,7
1637,6
1638,4
1639,5
1640,4
1641,6
1642,5
1643,2
1644,2
1645,5
1646,2
1647,6
1648,6
1649,5
1650,4
1651,5
1652,5
1653,5
1654,2
1655,6
1656,6
1657,4
1658,3
1659,4
1660,4
1661,4
1662,5
1663,4
1664,2
1665,0
1666,0
1667,4
1668,4
1669,4
1670,4
1671,6
1672,6
1673,7
1674,5
1675,5
1676,5
1677,5
1678,1
1679,2
1680,5
1681,4
1682,4
1683,4
1684,7
1685,6
1686,3
1687,3
1688,2
1689,5
1690,6
1691,7
1692,5
1693,5
1694,3
1695,3
1696,5
1697,3
1698,5
1699,5
1700,3
1701,3
1702,6
1703,4
1704,4
1705,5
1706,4
1707,6
1708,5
1709,4
1710,4
1711,4
1712,4
1713,4
1714,3
1715,5
1716,3
1717,3
1718,6
1719,6
1720,4
1721,6
1722,5
1723,5
1724,6
1725,6
1726,6
1727,5
1728,5
1729,3
1730,5
1731,6
1732,5
1733,5
1734,5
1735,7
1736,3
1737,4
1738,4
1739,4
1740,6
1741,5
1742,4
1743,4
1744,4
1745,5
1746,4
1747,2
1748,6
1749,5
1750,5
1751,4
1752,5
1753,5
1754,2
1755,5
1756,5
1757,6
1758,6
1759,1
1760,1
1761,5
1762,5
1763,4
1764,4
1765,5
1766,5
1767,4
1768,3
1769,6
1770,2
1771,2
1772,5
1773,3
1774,6
1775,4
1776,2
1777,4
1778,4
1779,3
1780,3
1781,5
1782,5
1783,6
1784,4
1785,4
1786,4
1787,4
1788,4
1789,2
1790,3
1791,2
1792,2
1793,4
1794,5
1795,3
1796,4
1797,6
1798,6
1799,6
1800,6
1801,3
1802,1
1803,3
1804,3
1805,6
1806,4
1807,3
1808,4
1809,5
1810,5
1811,3
1812,5
1813,3
1814,7
1815,7
1816,6
1817,5
1818,5
1819,5
1820,4
1821,5
1822,3
1823,5
1824,5
1825,4
1826,4
1827,5
1828,5
1829,3
1830,5
1831,5
1832,1
1833,4
1834,3
1835,3
1836,3
1837,3
1838,5
1839,5
1840,3
1841,6
1842,5
1843,5
1844,6
1845,6
1846,4
1847,2
1848,4
1849,5
1850,5
1851,6
1852,6
1853,7
1854,4
1855,7
1856,3
1857,5
1858,2
1859,7
1860,3
1861,4
1862,4
1863,5
1864,5
1865,5
1866,5
1867,3
1868,5
1869,7
1870,5
1871,4
1872,3
1873,3
1874,5
1875,5
1876,2
1877,3
1878,4
1879,4
1880,2
1881,2
1882,2
1883,4
1884,5
1885,5
1886,4
1887,4
1888,5
1889,2
1890,4
1891,4
1892,7
1893,7
1894,6
1895,4
1896,4
1897,5
1898,4
1899,4
1900,4
1901,5
1902,6
1903,7
1904,1
1905,1
1906,6
1907,5
1908,3
1909,3
1910,5
1911,3
1912,1
1913,4
1914,4
1915,4
1916,4
1917,4
1918,4
1919,4
1920,6
1921,4
1922,4
1923,3
1924,6
1925,6
1926,5
1927,6
1928,6
1929,5
1930,6
1931,4
1932,6
1933,2
1934,6
1935,6
1936,3
1937,6
1938,4
1939,3
1940,5
1941,4
1942,4
1943,6
1944,6
1945,5
1946,5
1947,6
1948,6
1949,1
1950,1
1951,5
1952,4
1953,4
1954,1
1955,1
1956,6
1957,5
1958,2
1959,2
1960,6
1961,4
1962,6
1963,4
1964,5
1965,5
1966,5
1967,2
1968,6
1969,5
1970,5
1971,4
1972,3
1973,5
1974,5
1975,4
1976,4
1977,4
1978,2
1979,2
1980,5
1981,5
1982,6
1983,6
1984,6
1985,6
1986,1
1987,1
1988,3
1989,5
1990,4
1991,4
1992,5
1993,5
1994,5
1995,5
1996,5
1997,4
1998,4
1999,5
2000,4
2001,2
2002,2
2003,3
2004,4
2005,5
2006,5
2007,7
2008,7
2009,7
2010,2
2011,2
2012,4
2013,6
2014,5
2015,5
2016,4
2017,6
2018,6
2019,2
2020,2
2021,5
2022,5
2023,6
2024,3
2025,5
2026,4
2027,5
2028,5
2029,5
2030,5
2031,5
2032,7
2033,6
2034,3
2035,4
2036,5
2037,5
2038,7
2039,5
2040,2
2041,6
2042,5
2043,6
2044,5
2045,5
2046,5
2047,6
2048,4
2049,4
2050,6
2051,6
2052,3
2053,3
2054,4
2055,6
2056,6
2057,5
2058,5
2059,5
2060,4
2061,4
2062,5
2063,5
2064,7
2065,5
2066,5
2067,5
2068,7
2069,7
2070,4
2071,5
2072,5
2073,5
2074,4
2075,4
2076,5
2077,5
2078,5
2079,5
2080,4
2081,3
2082,2
2083,4
2084,6
2085,4
2086,3
2087,4
2088,2
2089,2
2090,5
2091,4
2092,5
2093,6
2094,5
2095,2
2096,6
2097,2
2098,6
2099,4
2100,6
2101,4
2102,4
2103,5
2104,3
2105,1
2106,2
2107,4
2108,4
2109,4
2110,3
2111,4
2112,5
2113,4
2114,4
2115,2
2116,4
2117,6
2118,2
2119,6
2120,6
2121,4
2122,3
2123,5
2124,4
2125,2
2126,2
2127,4
2128,2
2129,2
2130,0
2131,6
2132,3
2133,3
2134,4
2135,5
2136,4
2137,6
2138,5
2139,5
2140,1
2141,4
2142,4
2143,5
2144,4
2145,7
2146,5
2147,3
2148,2
2149,3
2150,2
2151,6
2152,6
2153,6
2154,3
2155,6
2156,5
2157,6
2158,5
2159,4
2160,6
2161,5
2162,4
2163,7
2164,5
2165,4
2166,4
2167,5
2168,5
2169,5
2170,5
2171,5
2172,3
2173,3
2174,0
2175,4
2176,4
2177,5
2178,6
2179,4
2180,6
2181,4
2182,4
2183,6
2184,3
2185,4
2186,4
2187,6
2188,4
2189,6
2190,5
2191,5
2192,5
2193,7
2194,5
2195,4
2196,6
2197,3
2198,5
2199,6
2200,6
2201,4
2202,2
2203,2
2204,6
2205,4
2206,7
2207,5
2208,2
2209,4
2210,3
2211,7
2212,5
2213,5
2214,6
2215,5
2216,7
2217,7
2218,6
2219,2
2220,5
2221,6
2222,5
2223,6
2224,5
2225,2
2226,1
2227,3
2228,5
2229,3
2230,3
2231,7
2232,6
2233,5
2234,6
2235,6
2236,3
2237,3
2238,6
2239,4
2240,6
2241,6
2242,4
2243,3
2244,3
2245,7
2246,6
2247,4
2248,2
2249,3
2250,3
2251,4
2252,4
2253,4
2254,6
2255,6
2256,3
2257,3
2258,7
2259,5
2260,5
2261,6
2262,6
2263,6
2264,4
2265,6
2266,6
2267,5
2268,2
2269,2
2270,4
2271,4
2272,7
2273,5
2274,5
2275,7
2276,7
2277,5
2278,5
2279,5
2280,5
2281,3
2282,5
2283,3
2284,3
2285,3
2286,5
2287,5
2288,4
2289,4
2290,3
2291,2
2292,7
2293,7
2294,4
2295,3
2296,5
2297,5
2298,4
2299,5
2300,4
2301,2
2302,4
2303,4
2304,5
2305,6
2306,6
2307,6
2308,5
2309,2
2310,2
2311,4
2312,1
2313,1
2314,4
2315,3
2316,3
2317,5
2318,5
2319,1
2320,4
2321,2
2322,6
2323,3
2324,4
2325,6
2326,6
2327,5
2328,5
2329,4
2330,5
2331,5
2332,6
2333,6
2334,4
2335,5
2336,6
2337,4
2338,4
2339,4
2340,3
2341,6
2342,6
2343,4
2344,4
2345,5
2346,5
2347,7
2348,4
2349,5
2350,4
2351,4
2352,6
2353,6
2354,6
2355,3
2356,3
2357,3
2358,4
2359,4
2360,6
2361,6
2362,5
2363,5
2364,3
2365,3
2366,2
2367,1
2368,3
2369,4
2370,3
2371,5
2372,4
2373,4
2374,3
2375,3
2376,2
2377,1
2378,1
2379,6
2380,3
2381,3
2382,6
2383,7
2384,6
2385,4
2386,6
2387,2
2388,4
2389,7
2390,5
2391,2
2392,3
2393,5
2394,4
2395,4
2396,5
2397,3
2398,3
2399,6
2400,5
2401,5
2402,4
2403,5
2404,5
2405,4
2406,6
2407,3
2408,1
2409,1
2410,3
2411,4
2412,4
2413,2
2414,2
2415,3
2416,5
2417,6
2418,6
2419,2
2420,6
2421,4
2422,6
2423,5
2424,4
2425,5
2426,2
2427,2
2428,2
2429,2
2430,4
2431,0
2432,0
2433,2
2434,5
2435,2
2436,4
2437,6
2438,5
2439,7
2440,4
2441,4
2442,6
2443,4
2444,4
2445,4
2446,2
2447,4
2448,5
2449,2
2450,6
2451,5
2452,3
2453,3
2454,6
2455,2
2456,4
2457,4
2458,4
2459,4
2460,3
2461,3
2462,7
2463,3
2464,3
2465,3
2466,6
2467,5
2468,3
2469,2
2470,4
2471,7
2472,7
2473,7
2474,5
2475,5
2476,4
2477,5
2478,5
2479,5
2480,5
2481,5
2482,6
2483,0
2484,6
2485,6
2486,4
2487,6
2488,5
2489,6
2490,1
2491,7
2492,4
2493,4
2494,6
2495,6
2496,3
2497,5
2498,5
2499,6
2500,2
2501,2
2502,2
2503,4
2504,5
2505,5
2506,5
2507,5
2508,1
2509,4
2510,1
2511,1
2512,7
2513,7
2514,5
2515,5
2516,6
2517,6
2518,2
2519,5
2520,5
2521,4
2522,5
2523,5
2524,7
2525,4
2526,7
2527,5
2528,5
2529,4
2530,4
2531,5
2532,4
2533,5
2534,4
2535,4
2536,6
2537,6
2538,4
2539,3
2540,3
2541,1
2542,5
2543,6
2544,6
2545,5
2546,5
2547,5
2548,5
2549,5
2550,4
2551,5
2552,5
2553,4
2554,5
2555,6
2556,6
2557,5
2558,4
2559,4
2560,5
2561,5
2562,4
2563,5
2564,3
2565,3
2566,5
2567,5
2568,5
2569,1
2570,5
2571,5
2572,6
2573,6
2574,3
2575,4
2576,6
2577,6
2578,6
2579,2
2580,2
2581,6
2582,5
2583,4
2584,3
2585,6
2586,6
2587,6
2588,6
2589,5
2590,4
2591,2
2592,6
2593,7
2594,4
2595,3
2596,6
2597,6
2598,5
2599,4
2600,3
2601,5
2602,4
2603,5
2604,7
2605,7
2606,5
2607,5
2608,4
2609,3
2610,4
2611,4
2612,5
2613,3
2614,5
2615,3
2616,4
2617,4
2618,6
2619,6
2620,6
2621,4
2622,3
2623,5
2624,6
2625,4
2626,5
2627,5
2628,6
2629,3
2630,4
2631,7
2632,5
2633,5
2634,3
2635,4
2636,6
2637,8
2638,8
2639,5
2640,3
2641,7
2642,5
2643,5
2644,5
2645,5
2646,5
2647,5
2648,2
2649,2
2650,7
2651,5
2652,4
2653,6
2654,6
2655,6
2656,4
2657,4
2658,6
2659,6
2660,5
2661,5
2662,5
2663,5
2664,6
2665,5
2666,5
2667,7
2668,7
2669,4
2670,6
2671,6
2672,6
2673,7
2674,7
2675,0
2676,0
2677,5
2678,7
2679,5
2680,6
2681,5
2682,5
2683,6
2684,5
2685,5
2686,3
2687,4
2688,4
2689,4
2690,2
2691,2
2692,6
2693,5
2694,5
2695,5
2696,5
2697,4
2698,6
2699,4
2700,6
2701,6
2702,6
2703,6
2704,5
2705,3
2706,6
2707,6
2708,3
2709,6
2710,6
2711,6
2712,5
2713,5
2714,6
2715,6
2716,5
2717,4
2718,6
2719,4
2720,5
2721,5
2722,5
2723,6
2724,2
2725,3
2726,2
2727,5
2728,5
2729,5
2730,2
2731,4
2732,5
2733,6
2734,6
2735,6
2736,5
2737,5
2738,6
2739,6
2740,6
2741,6
2742,5
2743,5
2744,4
2745,4
2746,5
2747,5
2748,5
2749,4
2750,4
2751,4
2752,7
2753,1
2754,5
2755,3
2756,5
2757,5
2758,3
2759,4
2760,3
2761,5
2762,4
2763,4
2764,5
2765,4
2766,1
2767,1
2768,3
2769,3
2770,5
2771,6
2772,6
2773,5
2774,4
2775,6
2776,5
2777,5
2778,5
2779,5
2780,6
2781,6
2782,4
2783,5
2784,4
2785,3
2786,4
2787,4
2788,4
2789,3
2790,5
2791,5
2792,2
2793,6
2794,4
2795,4
2796,4
2797,5
2798,7
2799,7
2800,6
2801,5
2802,5
2803,6
2804,3
2805,4
2806,4
2807,5
2808,6
2809,6
2810,5
2811,4
2812,6
2813,7
2814,7
2815,6
2816,5
2817,6
2818,4
2819,4
2820,4
2821,4
2822,6
2823,5
2824,6
2825,6
2826,3
2827,8
2828,5
2829,3
2830,6
2831,4
2832,4
2833,6
2834,5
2835,5
2836,5
2837,7
2838,7
2839,5
2840,4
2841,5
2842,5
2843,3
2844,6
2845,6
2846,5
2847,5
2848,4
2849,4
2850,4
2851,4
2852,6
2853,4
2854,6
2855,7
2856,7
2857,4
2858,5
2859,6
2860,6
2861,6
2862,6
2863,4
2864,3
2865,3
2866,7
2867,6
2868,2
2869,6
2870,6
2871,4
2872,6
2873,5
2874,5
2875,6
2876,3
2877,2
2878,5
2879,6
2880,4
2881,4
2882,1
2883,7
2884,7
2885,6
2886,6
2887,1
2888,7
2889,5
2890,5
2891,6
2892,6
2893,4
2894,4
2895,4
2896,6
2897,6
2898,4
2899,5
2900,4
2901,4
2902,3
2903,4
2904,4
2905,1
2906,6
2907,6
2908,6
2909,4
2910,4
2911,4
2912,5
2913,6
2914,5
2915,5
2916,5
2917,5
2918,3
2919,3
2920,3
2921,2
2922,5
2923,5
2924,5
2925,4
2926,7
2927,7
2928,7
2929,5
2930,3
2931,6
2932,5
2933,3
2934,6
2935,5
2936,6
2937,5
2938,6
2939,3
2940,5
2941,5
2942,5
2943,6
2944,6
2945,6
2946,6
2947,6
2948,6
2949,2
2950,5
2951,4
2952,3
2953,6
2954,7
2955,7
2956,5
2957,5
2958,5
2959,4
2960,6
2961,6
2962,6
2963,4
2964,2
2965,7
2966,5
2967,5
2968,6
2969,6
2970,7
2971,5
2972,5
2973,7
2974,7
2975,7
2976,7
2977,5
2978,3
2979,4
2980,6
2981,4
2982,2
2983,5
2984,5
2985,5
2986,6
2987,6
2988,3
2989,3
2990,5
2991,6
2992,4
2993,4
2994,5
2995,5
2996,4
2997,6
2998,5
2999,5
3000,1
3001,1
3002,2
3003,5
3004,5
3005,4
3006,5
3007,5
3008,3
3009,3
3010,5
3011,3
3012,4
3013,4
3014,5
3015,6
3016,1
3017,1
3018,2
3019,2
3020,5
3021,5
3022,1
3023,1
3024,4
3025,6
3026,6
3027,6
3028,6
3029,6
3030,6
3031,6
3032,6
3033,5
3034,7
3035,7
3036,6
3037,4
3038,5
3039,3
3040,3
3041,5
3042,5
3043,5
3044,6
3045,6
3046,5
3047,3
3048,1
3049,5
3050,5
3051,5
3052,5
3053,1
3054,1
3055,6
3056,3
3057,5
3058,5
3059,4
3060,4
3061,4
3062,3
3063,5
3064,5
3065,4
3066,7
3067,6
3068,3
3069,3
3070,5
3071,4
3072,4
3073,5
3074,2
3075,7
3076,5
3077,5
3078,2
3079,4
3080,6
3081,6
3082,1
3083,3
3084,4
3085,4
3086,6
3087,5
3088,5
3089,4
3090,4
3091,5
3092,5
3093,3
3094,3
3095,3
3096,5
3097,4
3098,6
3099,5
3100,5
3101,4
3102,4
3103,4
3104,5
3105,2
3106,2
3107,4
3108,5
3109,5
3110,4
3111,4
3112,4
3113,0
3114,0
3115,2
3116,4
3117,3
3118,3
3119,6
3120,4
3121,7
3122,5
3123,1
3124,1
3125,5
3126,3
3127,4
3128,5
3129,6
3130,6
3131,5
3132,5
3133,5
3134,5
3135,5
3136,5
3137,6
3138,3
3139,2
3140,4
3141,3
3142,3
3143,4
3144,5
3145,6
3146,7
3147,5
3148,5
3149,3
3150,3
3151,2
3152,6
3153,1
3154,5
3155,5
3156,6
3157,3
3158,3
3159,5
3160,5
3161,5
3162,5
3163,6
3164,6
3165,3
3166,6
3167,5
3168,2
3169,5
3170,4
3171,4
3172,5
3173,5
3174,2
3175,5
3176,2
3177,5
3178,5
3179,5
3180,5
3181,5
3182,6
3183,5
3184,6
3185,6
3186,4
3187,5
3188,5
3189,6
3190,5
3191,3
3192,4
3193,4
3194,1
3195,5
3196,7
3197,5
3198,5
3199,6
3200,6
3201,7
3202,7
3203,3
3204,3
3205,2
3206,5
3207,6
3208,4
3209,5
3210,4
3211,3
3212,4
3213,3
3214,3
3215,4
3216,6
3217,6
3218,6
3219,6
3220,6
3221,2
3222,2
3223,3
3224,5
3225,5
3226,6
3227,5
3228,1
3229,1
3230,5
3231,7
3232,5
3233,7
3234,7
3235,6
3236,6
3237,5
3238,5
3239,4
3240,3
3241,4
3242,0
3243,6
3244,6
3245,2
3246,6
3247,5
3248,7
3249,4
3250,5
3251,4
3252,3
3253,2
3254,6
3255,4
3256,3
3257,2
3258,7
3259,6
3260,7
3261,5
3262,6
3263,6
3264,4
3265,5
3266,5
3267,5
3268,5
3269,4
3270,4
3271,6
3272,5
3273,4
3274,4
3275,4
3276,3
3277,3
3278,2
3279,1
3280,1
3281,2
3282,2
3283,4
3284,5
3285,5
3286,7
3287,5
3288,2
3289,6
3290,5
3291,6
3292,3
3293,2
3294,2
3295,2
3296,5
3297,5
3298,7
3299,7
3300,1
3301,1
3302,3
3303,6
3304,5
3305,6
3306,6
3307,4
3308,5
3309,2
3310,3
3311,3
3312,5
3313,5
3314,5
3315,5
3316,5
3317,6
3318,4
3319,2
3320,5
3321,6
3322,6
3323,5
3324,4
3325,6
3326,4
3327,4
3328,4
3329,4
3330,4
3331,6
3332,6
3333,6
3334,3
3335,3
3336,7
3337,2
3338,8
3339,4
3340,7
3341,5
3342,5
3343,4
3344,5
3345,4
3346,4
3347,3
3348,6
3349,7
3350,7
3351,5
3352,5
3353,6
3354,5
3355,7
3356,2
3357,6
3358,6
3359,5
3360,4
3361,7
3362,4
3363,7
3364,6
3365,6
3366,4
3367,6
3368,6
3369,3
3370,2
3371,1
3372,4
3373,6
3374,4
3375,5
3376,5
3377,2
3378,5
3379,6
3380,4
3381,5
3382,4
3383,6
3384,2
3385,6
3386,4
3387,2
3388,5
3389,5
3390,6
3391,7
3392,5
3393,1
3394,1
3395,3
3396,5
3397,5
3398,5
3399,6
3400,4
3401,5
3402,5
3403,4
3404,5
3405,5
3406,6
3407,5
3408,2
3409,2
3410,5
3411,5
3412,5
3413,7
3414,7
3415,4
3416,4
3417,5
3418,5
3419,6
3420,5
3421,7
3422,4
3423,4
3424,4
3425,3
3426,4
3427,4
3428,4
3429,4
3430,4
3431,4
3432,3
3433,3
3434,4
3435,4
3436,5
3437,2
3438,2
3439,5
3440,6
3441,3
3442,3
3443,4
3444,4
3445,4
3446,4
3447,6
3448,6
3449,6
3450,7
3451,6
3452,6
3453,5
3454,6
3455,2
3456,4
3457,6
3458,6
3459,5
3460,5
3461,3
3462,3
3463,4
3464,3
3465,1
3466,1
3467,5
3468,4
3469,5
3470,5
3471,5
3472,5
3473,5
3474,6
3475,3
3476,5
3477,4
3478,5
3479,5
3480,5
3481,6
3482,4
3483,6
3484,6
3485,5
3486,5
3487,4
3488,4
3489,4
3490,3
3491,6
3492,5
3493,5
3494,5
3495,3
3496,4
3497,2
3498,5
3499,5
3500,6
3501,6
3502,4
3503,4
3504,4
3505,4
3506,6
3507,4
3508,1
3509,2
3510,5
3511,5
3512,6
3513,4
3514,5
3515,7
3516,5
3517,7
3518,6
3519,4
3520,3
3521,7
3522,5
3523,5
3524,5
3525,5
3526,4
3527,4
3528,4
3529,5
3530,3
3531,5
3532,2
3533,5
3534,5
3535,5
3536,3
3537,5
3538,6
3539,6
3540,4
3541,4
3542,5
3543,2
3544,3
3545,6
3546,4
3547,1
3548,3
3549,5
3550,4
3551,3
3552,4
3553,3
3554,4
3555,6
3556,5
3557,1
3558,4
3559,5
3560,5
3561,5
3562,5
3563,5
3564,4
3565,3
3566,5
3567,6
3568,5
3569,4
3570,3
3571,6
3572,5
3573,5
3574,5
3575,5
3576,3
3577,6
3578,5
3579,5
3580,6
3581,6
3582,6
3583,3
3584,2
3585,3
3586,4
3587,4
3588,4
3589,4
3590,3
3591,4
3592,6
3593,4
3594,5
3595,5
3596,5
3597,5
3598,3
3599,3
3600,4
3601,4
3602,4
3603,3
3604,4
3605,4
3606,4
3607,2
3608,6
3609,6
3610,4
3611,4
3612,5
3613,6
3614,4
3615,4
3616,5
3617,5
3618,2
3619,4
3620,4
3621,4
3622,5
3623,1
3624,4
3625,4
3626,6
3627,6
3628,6
3629,5
3630,6
3631,5
3632,5
3633,5
3634,4
3635,6
3636,2
3637,4
3638,4
3639,6
3640,6
3641,1
3642,2
3643,6
3644,6
3645,7
3646,7
3647,3
3648,6
3649,3
3650,1
3651,6
3652,6
3653,2
3654,2
3655,4
3656,6
3657,6
3658,4
3659,4
3660,2
3661,6
3662,4
3663,6
3664,2
3665,5
3666,5
3667,2
3668,6
3669,5
3670,7
3671,6
3672,3
3673,2
3674,4
3675,4
3676,6
3677,4
3678,6
3679,3
3680,3
3681,3
3682,3
3683,3
3684,1
3685,5
3686,5
3687,5
3688,4
3689,4
3690,2
3691,4
3692,5
3693,5
3694,4
3695,4
3696,2
3697,2
3698,5
3699,6
3700,4
3701,4
3702,4
3703,6
3704,6
3705,3
3706,4
3707,7
3708,3
3709,5
3710,5
3711,5
3712,5
3713,2
3714,2
3715,5
3716,3
3717,5
3718,7
3719,7
3720,3
3721,4
3722,4
3723,4
3724,2
3725,4
3726,4
3727,4
3728,0
3729,5
3730,3
3731,5
3732,6
3733,5
3734,3
3735,6
3736,4
3737,5
3738,3
3739,3
3740,5
3741,5
3742,5
3743,4
3744,3
3745,6
3746,3
3747,3
3748,4
3749,5
3750,4
3751,4
3752,7
3753,5
3754,4
3755,4
3756,6
3757,5
3758,5
3759,5
3760,5
3761,5
3762,4
3763,1
3764,1
3765,5
3766,5
3767,4
3768,4
3769,5
3770,4
3771,5
3772,6
3773,7
3774,5
3775,3
3776,6
3777,6
3778,4
3779,6
3780,6
3781,5
3782,3
3783,3
3784,5
3785,5
3786,5
3787,2
3788,2
3789,3
3790,3
3791,3
3792,1
3793,6
3794,5
3795,5
3796,4
3797,6
3798,6
3799,5
3800,6
3801,6
3802,4
3803,4
3804,5
3805,5
3806,4
3807,5
3808,3
3809,5
3810,5
3811,4
3812,2
3813,3
3814,5
3815,5
3816,3
3817,4
3818,4
3819,5
3820,5
3821,1
3822,1
3823,4
3824,4
3825,8
3826,4
3827,4
3828,7
3829,6
3830,4
3831,7
3832,4
3833,6
3834,7
3835,5
3836,6
3837,5
3838,6
3839,5
3840,5
3841,5
3842,6
3843,6
3844,6
3845,5
3846,6
3847,7
3848,5
3849,5
3850,2
3851,7
3852,7
3853,7
3854,6
3855,6
3856,6
3857,6
3858,6
3859,5
3860,5
3861,6
3862,6
3863,6
3864,5
3865,6
3866,6
3867,5
3868,5
3869,5
3870,5
3871,6
3872,4
3873,6
3874,6
3875,4
3876,4
3877,6
3878,5
3879,3
3880,5
3881,6
3882,6
3883,2
3884,2
3885,2
3886,2
3887,6
3888,5
3889,6
3890,6
3891,5
3892,5
3893,4
3894,6
3895,6
3896,4
3897,6
3898,1
3899,1
3900,4
3901,5
3902,1
3903,1
3904,1
3905,6
3906,3
3907,3
3908,4
3909,4
3910,3
3911,3
3912,5
3913,3
3914,3
3915,5
3916,5
3917,6
3918,7
3919,4
3920,3
3921,6
3922,6
3923,5
3924,5
3925,5
3926,5
3927,3
3928,3
3929,4
3930,6
3931,2
3932,4
3933,4
3934,6
3935,6
3936,4
3937,5
3938,2
3939,5
3940,4
3941,2
3942,3
3943,4
3944,4
3945,2
3946,6
3947,6
3948,6
3949,6
3950,5
3951,3
3952,5
3953,5
3954,2
3955,5
3956,4
3957,3
3958,5
3959,5
3960,4
3961,3
3962,3
3963,6
3964,6
3965,6
3966,6
3967,1
3968,7
3969,5
3970,5
3971,5
3972,5
3973,3
3974,5
3975,5
3976,2
3977,4
3978,4
3979,4
3980,4
3981,5
3982,3
3983,6
3984,6
3985,4
3986,4
3987,5
3988,5
3989,5
3990,6
3991,5
3992,3
3993,6
3994,6
3995,2
3996,6
3997,6
3998,5
3999,5
4000,5
4001,3
4002,3
4003,5
4004,5
4005,4
4006,4
4007,7
4008,7
4009,4
4010,5
4011,5
4012,3
4013,6
4014,4
4015,5
4016,4
4017,4
4018,4
4019,4
4020,5
4021,5
4022,6
4023,6
4024,2
4025,7
4026,7
4027,5
4028,5
4029,5
4030,6
4031,7
4032,7
4033,4
4034,4
4035,6
4036,3
4037,5
4038,4
4039,3
4040,7
4041,5
4042,3
4043,3
4044,1
4045,5
4046,1
4047,4
4048,6
4049,6
4050,6
4051,5
4052,4
4053,4
4054,5
4055,3
4056,5
4057,7
4058,7
4059,5
4060,3
4061,5
4062,5
4063,5
4064,4
4065,4
4066,4
4067,4
4068,5
4069,4
4070,6
4071,6
4072,2
4073,4
4074,4
4075,5
4076,2
4077,3
4078,3
4079,6
4080,3
4081,4
4082,3
4083,5
4084,4
4085,3
4086,3
4087,3
4088,3
4089,6
4090,1
4091,1
4092,6
4093,6
4094,4
4095,5
4096,5
4097,4
4098,4
4099,3
4100,4
4101,5
4102,3
4103,4
4104,4
4105,4
4106,5
4107,6
4108,1
4109,6
4110,5
4111,5
4112,5
4113,5
4114,5
4115,6
4116,6
4117,3
4118,5
4119,5
4120,6
4121,6
4122,4
4123,3
4124,5
4125,2
4126,6
4127,6
4128,4
4129,4
4130,5
4131,5
4132,5
4133,6
4134,6
4135,5
4136,4
4137,2
4138,4
4139,3
4140,6
4141,6
4142,6
4143,3
4144,6
4145,6
4146,6
4147,3
4148,1
4149,1
4150,4
4151,5
4152,5
4153,6
4154,5
4155,3
4156,6
4157,4
4158,5
4159,3
4160,3
4161,2
4162,7
4163,7
4164,5
4165,5
4166,3
4167,6
4168,5
4169,4
4170,6
4171,6
4172,5
4173,3
4174,6
4175,4
4176,5
4177,7
4178,3
4179,5
4180,4
4181,5
4182,1
4183,4
4184,4
4185,6
4186,6
4187,4
4188,4
4189,6
4190,6
4191,3
4192,5
4193,6
4194,6
4195,4
4196,4
4197,3
4198,4
4199,4
4200,3
4201,3
4202,2
4203,2
4204,4
4205,5
4206,6
4207,5
4208,6
4209,5
4210,5
4211,5
4212,5
4213,5
4214,2
4215,4
4216,5
4217,3
4218,5
4219,6
4220,4
4221,5
4222,5
4223,7
4224,3
4225,3
4226,7
4227,5
4228,5
4229,5
4230,7
4231,7
4232,7
4233,2
4234,6
4235,5
4236,5
4237,4
4238,6
4239,5
4240,5
4241,4
4242,4
4243,5
4244,5
4245,4
4246,6
4247,6
4248,6
4249,6
4250,6
4251,3
4252,3
4253,6
4254,5
4255,5
4256,3
4257,4
4258,5
4259,3
4260,6
4261,7
4262,7
4263,6
4264,5
4265,4
4266,4
4267,3
4268,6
4269,5
4270,6
4271,4
4272,6
4273,5
4274,4
4275,6
4276,6
4277,6
4278,5
4279,7
4280,4
4281,4
4282,2
4283,1
4284,1
4285,4
4286,2
4287,4
4288,3
4289,5
4290,2
4291,5
4292,2
4293,5
4294,4
4295,4
4296,5
4297,5
4298,5
4299,4
4300,7
4301,5
4302,5
4303,4
4304,4
4305,6
4306,6
4307,4
4308,5
4309,7
4310,1
4311,3
4312,6
4313,6
4314,7
4315,5
4316,4
4317,6
4318,6
4319,5
4320,5
4321,5
4322,7
4323,5
4324,5
4325,6
4326,6
4327,6
4328,5
4329,4
4330,4
4331,6
4332,6
4333,6
4334,6
4335,3
4336,3
4337,6
4338,5
4339,4
4340,7
4341,6
4342,6
4343,6
4344,4
4345,5
4346,2
4347,6
4348,6
4349,5
4350,7
4351,7
4352,3
4353,3
4354,2
4355,5
4356,5
4357,5
4358,2
4359,2
4360,3
4361,3
4362,6
4363,5
4364,2
4365,6
4366,6
4367,5
4368,5
4369,3
4370,6
4371,5
4372,6
4373,2
4374,4
4375,6
4376,5
4377,7
4378,7
4379,4
4380,5
4381,5
4382,5
4383,5
4384,5
4385,6
4386,6
4387,6
4388,6
4389,6
4390,3
4391,3
4392,3
4393,3
4394,4
4395,6
4396,1
4397,1
4398,6
4399,2
4400,4
4401,1
4402,1
4403,5
4404,5
4405,5
4406,3
4407,3
4408,5
4409,5
4410,4
4411,5
4412,5
4413,3
4414,3
4415,5
4416,5
4417,7
4418,3
4419,4
4420,5
4421,4
4422,7
4423,5
4424,5
4425,5
4426,7
4427,7
4428,5
4429,5
4430,4
4431,5
4432,5
4433,4
4434,4
4435,3
4436,3
4437,3
4438,3
4439,6
4440,4
4441,4
4442,5
4443,3
4444,3
4445,6
4446,5
4447,5
4448,4
4449,6
4450,6
4451,7
4452,5
4453,3
4454,5
4455,7
4456,5
4457,6
4458,4
4459,3
4460,7
4461,4
4462,4
4463,6
4464,3
4465,5
4466,5
4467,5
4468,5
4469,5
4470,4
4471,4
4472,5
4473,4
4474,4
4475,6
4476,6
4477,5
4478,5
4479,5
4480,5
4481,3
4482,5
4483,3
4484,4
4485,2
4486,3
4487,5
4488,3
4489,6
4490,5
4491,3
4492,4
4493,4
4494,6
4495,6
4496,5
4497,6
4498,6
4499,6
4500,6
4501,3
4502,3
4503,3
4504,4
4505,2
4506,4
4507,4
4508,4
4509,2
4510,6
4511,6
4512,2
4513,6
4514,6
4515,5
4516,5
4517,5
4518,5
4519,4
4520,5
4521,5
4522,5
4523,4
4524,6
4525,5
4526,5
4527,5
4528,3
4529,5
4530,5
4531,5
4532,5
4533,4
4534,5
4535,5
4536,4
4537,4
4538,6
4539,4
4540,4
4541,4
4542,4
4543,3
4544,6
4545,6
4546,6
4547,6
4548,4
4549,2
4550,4
4551,2
4552,4
4553,2
4554,5
4555,5
4556,3
4557,6
4558,5
4559,0
4560,0
4561,6
4562,3
4563,3
4564,4
4565,4
4566,6
4567,6
4568,2
4569,6
4570,6
4571,4
4572,4
4573,5
4574,4
4575,6
4576,6
4577,5
4578,6
4579,5
4580,6
4581,6
4582,4
4583,4
4584,4
4585,7
4586,4
4587,3
4588,3
4589,4
4590,4
4591,6
4592,5
4593,3
4594,6
4595,6
4596,5
4597,3
4598,4
4599,4
4600,5
4601,7
4602,6
4603,6
4604,3
4605,5
4606,7
4607,7
4608,4
4609,4
4610,5
4611,6
4612,5
4613,4
4614,5
4615,5
4616,5
4617,4
4618,2
4619,5
4620,5
4621,5
4622,5
4623,3
4624,4
4625,3
4626,5
4627,5
4628,5
4629,5
4630,3
4631,6
4632,7
4633,5
4634,4
4635,5
4636,4
4637,6
4638,5
4639,6
4640,4
4641,5
4642,4
4643,6
4644,6
4645,6
4646,6
4647,6
4648,5
4649,5
4650,6
4651,5
4652,5
4653,5
4654,4
4655,1
4656,7
4657,4
4658,4
4659,5
4660,5
4661,6
4662,2
4663,5
4664,5
4665,6
4666,6
4667,6
4668,6
4669,5
4670,6
4671,5
4672,5
4673,3
4674,5
4675,5
4676,5
4677,6
4678,5
4679,7
4680,6
4681,3
4682,3
4683,3
4684,3
4685,4
4686,6
4687,3
4688,2
4689,5
4690,4
4691,4
4692,3
4693,3
4694,3
4695,3
4696,6
4697,3
4698,3
4699,5
4700,4
4701,2
4702,5
4703,3
4704,6
4705,6
4706,1
4707,2
4708,5
4709,7
4710,6
4711,6
4712,6
4713,3
4714,2
4715,1
4716,3
4717,3
4718,5
4719,5
4720,4
4721,5
4722,2
4723,6
4724,6
4725,6
4726,5
4727,2
4728,6
4729,5
4730,6
4731,6
4732,7
4733,7
4734,6
4735,4
4736,6
4737,5
4738,6
4739,5
4740,5
4741,6
4742,5
4743,5
4744,5
4745,5
4746,5
4747,6
4748,4
4749,7
4750,7
4751,4
4752,5
4753,6
4754,6
4755,3
4756,4
4757,4
4758,4
4759,2
4760,5
4761,3
4762,3
4763,5
4764,4
4765,5
4766,5
4767,4
4768,6
4769,4
4770,5
4771,4
4772,4
4773,3
4774,5
4775,5
4776,4
4777,5
4778,6
4779,6
4780,3
4781,4
4782,4
4783,7
4784,7
4785,2
4786,4
4787,5
4788,1
4789,1
4790,5
4791,4
4792,5
4793,6
4794,6
4795,7
4796,7
4797,2
4798,2
4799,1
4800,0
4801,0
4802,1
4803,6
4804,5
4805,5
4806,6
4807,5
4808,7
4809,5
4810,6
4811,6
4812,3
4813,5
4814,3
4815,4
4816,4
4817,2
4818,6
4819,3
4820,1
4821,1
4822,7
4823,7
4824,5
4825,5
4826,3
4827,6
4828,4
4829,4
4830,4
4831,3
4832,5
4833,6
4834,4
4835,4
4836,6
4837,2
4838,2
4839,3
4840,4
4841,7
4842,5
4843,4
4844,6
4845,0
4846,5
4847,5
4848,6
4849,4
4850,4
4851,6
4852,6
4853,6
4854,2
4855,2
4856,3
4857,3
4858,5
4859,5
4860,3
4861,4
4862,2
4863,2
4864,4
4865,6
4866,3
4867,5
4868,4
4869,4
4870,4
4871,4
4872,6
4873,4
4874,4
4875,4
4876,2
4877,3
4878,2
4879,3
4880,4
4881,4
4882,4
4883,3
4884,3
4885,6
4886,6
4887,6
4888,6
4889,4
4890,4
4891,0
4892,0
4893,5
4894,5
4895,3
4896,5
4897,4
4898,3
4899,3
4900,2
4901,6
4902,6
4903,3
4904,3
4905,7
4906,4
4907,3
4908,4
4909,4
4910,6
4911,6
4912,6
4913,7
4914,2
4915,5
4916,5
4917,4
4918,8
4919,5
4920,2
4921,1
4922,4
4923,2
4924,2
4925,4
4926,1
4927,1
4928,5
4929,5
4930,6
4931,6
4932,6
4933,6
4934,5
4935,5
4936,5
4937,5
4938,3
4939,5
4940,4
4941,4
4942,5
4943,3
4944,5
4945,5
4946,5
4947,6
4948,4
4949,4
4950,5
4951,6
4952,6
4953,5
4954,5
4955,6
4956,3
4957,3
4958,4
4959,5
4960,4
4961,5
4962,6
4963,6
4964,4
4965,5
4966,4
4967,6
4968,4
4969,4
4970,3
4971,5
4972,5
4973,6
4974,5
4975,5
4976,6
4977,6
4978,4
4979,5
4980,5
4981,5
4982,5
4983,6
4984,7
4985,5
4986,3
4987,5
4988,6
4989,6
4990,4
4991,4
4992,4
4993,4
4994,3
4995,2
4996,5
4997,6
4998,4
4999,3
5000,3
5001,4
5002,4
5003,5
5004,4
5005,6
5006,4
5007,6
5008,6
5009,3
5010,4
5011,6
5012,3
5013,6
5014,6
5015,6
5016,4
5017,4
5018,2
5019,5
5020,5
5021,4
5022,4
5023,6
5024,4
5025,4
5026,5
5027,6
5028,2
5029,3
5030,7
5031,5
5032,4
5033,4
5034,3
5035,1
5036,1
5037,5
5038,5
5039,5
5040,4
5041,4
5042,4
5043,4
5044,4
5045,5
5046,1
5047,4
5048,4
5049,4
5050,5
5051,5
5052,4
5053,2
5054,4
5055,6
5056,6
5057,5
5058,4
5059,4
5060,4
5061,6
5062,2
5063,6
5064,1
5065,5
5066,6
5067,6
5068,6
5069,5
5070,5
5071,5
5072,4
5073,4
5074,4
5075,7
5076,4
5077,5
5078,5
5079,5
5080,5
5081,5
5082,5
5083,7
5084,7
5085,3
5086,5
5087,5
5088,4
5089,4
5090,6
5091,4
5092,7
5093,5
5094,4
5095,4
5096,0
5097,1
5098,5
5099,3
5100,3
5101,4
5102,3
5103,4
5104,5
5105,5
5106,6
5107,6
5108,5
5109,5
5110,5
5111,3
5112,3
5113,6
5114,3
5115,3
5116,3
5117,3
5118,6
5119,0
5120,0
5121,4
5122,4
5123,5
5124,4
5125,4
5126,4
5127,3
5128,3
5129,6
5130,5
5131,6
5132,4
5133,4
5134,4
5135,5
5136,3
5137,4
5138,3
5139,4
5140,5
5141,3
5142,5
5143,4
5144,6
5145,6
5146,5
5147,5
5148,7
5149,4
5150,4
5151,4
5152,5
5153,4
5154,4
5155,4
5156,4
5157,4
5158,2
5159,2
5160,4
5161,4
5162,4
5163,6
5164,5
5165,4
5166,4
5167,5
5168,5
5169,0
5170,4
5171,4
5172,5
5173,5
5174,4
5175,6
5176,5
5177,2
5178,5
5179,4
5180,4
5181,3
5182,4
5183,4
5184,6
5185,5
5186,1
5187,6
5188,5
5189,3
5190,5
5191,5
5192,5
5193,4
5194,1
5195,4
5196,3
5197,7
5198,1
5199,5
5200,1
5201,7
5202,7
5203,6
5204,7
5205,2
5206,4
5207,3
5208,2
5209,3
5210,3
5211,7
5212,7
5213,3
5214,5
5215,5
5216,6
5217,4
5218,4
5219,7
5220,5
5221,5
5222,6
5223,6
5224,2
5225,5
5226,4
5227,4
5228,6
5229,6
5230,5
5231,6
5232,5
5233,3
5234,4
5235,5
5236,4
5237,1
5238,1
5239,3
5240,5
5241,5
5242,5
5243,5
5244,5
5245,5
5246,3
5247,5
5248,5
5249,2
5250,7
5251,5
5252,5
5253,2
5254,4
5255,6
5256,1
5257,5
5258,3
5259,4
5260,4
5261,6
5262,6
5263,5
5264,5
5265,5
5266,3
5267,4
5268,5
5269,5
5270,2
5271,5
5272,5
5273,4
5274,6
5275,3
5276,0
5277,5
5278,5
5279,6
5280,3
5281,6
5282,3
5283,5
5284,5
5285,6
5286,5
5287,4
5288,6
5289,6
5290,2
5291,2
5292,5
5293,6
5294,4
5295,5
5296,1
5297,1
5298,5
5299,3
5300,4
5301,2
5302,5
5303,3
5304,3
5305,5
5306,4
5307,4
5308,4
5309,4
